1	670.067386	7.37e-28	0.04667	0.0175	0.195	3567.2524	0.41	-0.001692
1	670.112354	6.423e-23	5.694	0.0558	0.285	2414.7234	0.46	0.018
1	670.147293	2.334e-27	0.04926	0.0188	0.195	3567.1716	0.41	-0.003592
1	670.198989	3.998e-28	0.2408	0.0639	0.352	3894.1675	0.57	0.0072
1	670.254495	3.995e-30	85.62	0.0164	0.208	6198.6226	0.41	-0.0016
1	670.318162	1.199e-29	85.63	0.0164	0.208	6198.5693	0.41	-0.0016
1	670.521751	2.773e-27	2.938e-07	0.0756	0.248	920.1684	0.8	0.0029
1	670.818436	2.959e-28	0.001343	0.0623	0.235	2983.3953	0.36	-0.008492
1	670.990113	1.907e-29	0.03852	0.0511	0.352	4368.6367	0.57	-0.010752
1	671.095814	6.148e-30	0.03725	0.0495	0.352	4368.5459	0.57	-0.0098
1	671.360184	1.395e-22	5.488	0.0394	0.253	2246.885	0.35	0.011
1	671.378463	3.061e-26	0.09796	0.0498	0.218	2952.387	0.55	-0.0067
1	671.515996	8.492e-27	0.5589	0.0919	0.456	3255.3462	0.71	-0.002716
1	671.733401	1.133e-27	0.1299	0.0792	0.391	3722.731	0.62	-0.002428
1	671.75152	4.886e-30	70.35	0.0189	0.195	6353.4009	0.41	-0.0054
1	671.751601	2.504e-30	0.5689	0.0551	0.298	5175.9541	0.48	0.0113
1	671.772469	4.089e-25	1.448	0.0384	0.253	2915.8943	0.39	-0.0017
1	671.865724	2.526e-27	108.3	0.0343	0.154	4919.2534	0.25	0.0028
1	671.866134	7.58e-27	108.3	0.0343	0.154	4919.2529	0.25	0.0028
1	671.873685	2.038e-27	0.08573	0.0835	0.412	3482.0645	0.67	0.000364
1	671.885307	5.442e-24	0.003092	0.0681	0.37	1327.1101	0.77	0.00128
1	672.088156	2.996e-30	1.271e-05	0.0623	0.235	2983.3953	0.36	-0.008492
1	672.143971	5.267e-30	1.02e-06	0.0656	0.265	2300.6841	0.39	-0.0088
1	672.204861	1.258e-30	0.0001546	0.0164	0.183	3940.5845	0.41	-0.0023
1	672.242378	4.794e-30	0.1293	0.0504	0.235	4784.998	0.36	-0.0125
1	672.507651	1.696e-24	0.02882	0.0472	0.214	2073.5159	0.68	0.0017
1	672.672252	1.36e-27	159.5	0.0258	0.087	5339.6714	0.1	0.0
1	672.673109	4.602e-28	161.9	0.0288	0.221	5339.6699	0.38	0.0
1	673.141267	2.094e-30	0.0008467	0.0856	0.371	3784.6772	0.61	-0.003604
1	673.14229	1.499e-30	0.01163	0.0298	0.298	4480.3911	0.48	-0.004276
1	673.233883	2.467e-30	1.283e-05	0.0325	0.235	3264.3362	0.36	-0.007092
1	673.246539	2.551e-28	0.002851	0.054	0.315	3321.0132	0.56	-0.006
1	673.284038	5.143e-23	0.002984	0.0865	0.395	542.9058	0.75	0.00106
1	673.330263	8.505e-29	0.002851	0.0537	0.315	3320.9297	0.56	-0.0059
1	673.373162	1.575e-26	0.5268	0.0864	0.434	3392.7495	0.69	-0.002312
1	673.37693	1.259e-30	0.01135	0.0746	0.352	4448.9707	0.57	0.0058
1	673.539671	1.495e-30	0.01022	0.0387	0.315	4661.4482	0.51	-0.0002
1	673.55254	1.276e-30	4.408e-05	0.0125	0.265	3592.4231	0.39	0.0009
1	673.575826	1.643e-30	70.8	0.0172	0.195	6351.9136	0.41	-0.0009
1	673.755361	1.315e-30	8.595e-06	0.019	0.265	3266.7629	0.39	-0.00664
1	673.789586	9.084e-30	0.109	0.0615	0.333	4756.3936	0.56	-0.0034
1	673.835348	9.847e-29	1.855	0.0385	0.281	4905.6528	0.39	0.000756
1	673.937359	1.519e-30	0.000325	0.0692	0.352	3879.3359	0.61	0.002964
1	674.154906	7.009e-30	117.8	0.012	0.221	6360.1943	0.38	0.0028
1	674.155059	2.337e-30	117.8	0.012	0.221	6360.1943	0.38	0.0028
1	674.284312	1.122e-29	0.3913	0.0411	0.315	4996.3306	0.51	-0.011312
1	674.531784	1.574e-24	9.628	0.0555	0.312	3083.8655	0.3	-0.0016
1	674.733042	4.983e-28	3.721	0.0404	0.281	4714.8184	0.39	0.0118
1	674.754488	1.818e-30	0.0001682	0.0893	0.412	3375.2976	0.69	0.00286
1	674.951471	5.327e-30	0.0002226	0.0888	0.391	3478.9863	0.67	0.0021
1	675.205916	7.504e-30	0.0005688	0.0911	0.412	3375.2976	0.67	0.0056
1	675.49424	8.547e-30	4.78e-05	0.0325	0.235	3264.3362	0.36	-0.007092
1	675.629346	3.039e-28	60.66	0.0075	0.172	5492.0796	0.41	0.0
1	675.759874	3.409e-30	1.157	0.0329	0.265	5289.1519	0.24	-0.0019
1	675.927191	1.558e-30	0.1625	0.0413	0.315	4994.7026	0.51	-0.012784
1	675.937221	1.084e-28	0.01085	0.0491	0.298	3565.0042	0.51	-0.0045
1	676.095706	4.052e-28	182.1	0.0288	0.221	5614.0859	0.38	0.0
1	676.095709	1.35e-28	182.0	0.0288	0.221	5614.0859	0.38	0.0
1	676.129432	2.738e-30	0.564	0.0333	0.265	5186.3364	0.24	0.0016
1	676.236344	3.253e-28	0.01084	0.048	0.298	3564.7051	0.51	-0.0039
1	676.3231	1.022e-29	1.158	0.0333	0.265	5289.1509	0.24	0.0016
1	676.372774	1.06e-30	0.005057	0.0154	0.208	4665.9722	0.38	-0.004092
1	676.510328	4.518e-30	0.001318	0.0772	0.352	3967.4883	0.57	-0.000688
1	676.549625	1.225e-24	1.465	0.0365	0.219	2915.8745	0.39	-0.00171
1	676.661464	4.53e-29	0.08389	0.0477	0.25	4442.7114	0.24	-0.0124
1	676.671768	2.98e-30	0.05176	0.0514	0.298	4644.2163	0.48	0.001972
1	676.702396	6.6e-29	7.606e-05	0.0163	0.208	2952.3918	0.38	-0.0036
1	676.723866	4.494e-30	0.008677	0.065	0.315	4399.542	0.51	0.004656
1	676.892271	2.18e-30	0.1753	0.0076	0.161	5294.0332	0.41	0.0
1	677.215561	1.307e-30	0.002789	0.0743	0.333	4173.2251	0.56	0.003252
1	677.270557	8.728e-27	0.564	0.0915	0.434	3299.991	0.69	-0.001764
1	677.603964	1.52e-29	1.04	0.0329	0.265	5184.7339	0.24	-0.0019
1	677.754028	2.301e-28	0.02592	0.0465	0.281	3833.1438	0.48	-0.0058
1	678.220449	3.861e-29	0.04981	0.0461	0.265	4125.5981	0.39	-0.0099
1	678.274849	1.186e-29	2.293e-07	0.028	0.315	2009.8047	0.56	-0.001875
1	678.377682	1.714e-30	0.2864	0.0355	0.298	5334.9878	0.48	-0.0142
1	678.649903	7.686e-29	0.02593	0.044	0.281	3832.2515	0.48	-0.0043
1	678.807728	1.878e-22	0.1529	0.0781	0.302	1131.7756	0.81	-0.00331
1	678.849991	2.276e-30	0.0001464	0.0857	0.391	3565.4546	0.67	0.003356
1	679.247639	6.477e-28	12.36	0.0488	0.221	4736.2393	0.38	-0.0016
1	679.689793	1.733e-30	5.898e-06	0.0648	0.298	3072.7258	0.51	0.0034
1	679.77367	1.521e-30	54.36	0.0269	0.183	6546.7183	0.41	0.012
1	679.783681	1.164e-29	0.01476	0.0665	0.371	4016.0525	0.61	-0.006504
1	680.235041	4.437e-30	3.245e-06	0.0394	0.25	2586.5288	0.24	-0.0049
1	680.321566	3.474e-29	0.01466	0.0604	0.371	4015.5146	0.61	-0.008092
1	680.372174	3.342e-30	0.6824	0.0383	0.265	5182.0933	0.24	0.00012
1	680.534312	1.165e-28	0.04986	0.0406	0.265	4123.2842	0.39	-0.0067
1	680.816906	3.266e-27	94.2	0.0327	0.186	5070.0312	0.19	-0.0018
1	680.842471	1.089e-27	94.23	0.0327	0.147	5070.0098	0.2	0.0
1	681.056469	6.208e-25	0.02695	0.052	0.265	2246.885	0.61	0.00503
1	681.119895	1.358e-30	0.01375	0.0209	0.195	4830.8921	0.41	0.0
1	681.41348	1.616e-30	2.346	0.0483	0.298	5778.041	0.48	-0.0085
1	681.621741	5.916e-30	0.297	0.0569	0.315	5067.0762	0.51	-0.0035
1	681.843609	7.853e-30	0.007426	0.0689	0.25	4285.6465	0.24	-0.011552
1	681.864789	1.297e-28	2.498	0.0504	0.281	4905.6528	0.39	0.0142
1	681.976457	1.529e-29	0.084	0.0371	0.25	4437.3979	0.24	-0.007
1	682.245862	1.451e-25	2.264	0.0592	0.361	3441.0396	0.39	0.0125
1	682.260923	8.875e-26	0.007701	0.0769	0.369	2041.7806	0.61	0.0061
1	682.303806	3.832e-27	0.00597	0.0633	0.332	2705.0969	0.51	0.0081
1	682.450675	1.435e-29	0.005003	0.073	0.391	3719.491	0.62	-0.003064
1	682.6494	2.378e-27	126.6	0.0328	0.127	5183.5908	0.23	-0.002
1	682.650914	7.995e-28	127.7	0.0241	0.208	5183.5894	0.41	0.0
1	682.89942	1.01e-27	1.897e-05	0.0682	0.296	2073.5159	0.74	-0.0001
1	682.907811	1.384e-27	0.04715	0.0452	0.25	3391.1309	0.24	0.0018
1	683.091787	1.191e-30	0.2661	0.0184	0.195	5466.3999	0.41	-0.001792
1	683.194387	1.474e-29	0.1295	0.0333	0.235	4774.043	0.36	-0.0052
1	683.295286	1.968e-30	136.6	0.007	0.221	6646.9521	0.38	-0.0024
1	683.40942	1.237e-26	0.5372	0.0815	0.412	3482.0645	0.67	-0.00436
1	684.315694	1.045e-27	0.124	0.0775	0.391	3722.731	0.62	-0.0004
1	684.511796	6.264e-29	0.4805	0.0213	0.281	4714.8184	0.39	-0.00596
1	684.558334	1.321e-30	0.1868	0.0294	0.221	5132.52	0.36	-0.0025
1	684.577992	1.311e-28	1.095e-06	0.0342	0.315	1810.5876	0.56	-0.005417
1	684.772565	3.878e-28	79.5	0.0155	0.183	5256.1147	0.41	0.0
1	685.205996	1.854e-25	2.499e-05	0.0793	0.301	709.6083	0.75	0.0026
1	685.278432	1.267e-30	103.3	0.0153	0.208	6465.1284	0.41	-0.0016
1	685.282371	3.8e-30	103.3	0.0153	0.208	6465.1245	0.41	-0.0016
1	685.297663	3.336e-27	0.397	0.0786	0.391	3722.731	0.62	-0.002904
1	685.388206	2.903e-26	0.6069	0.0912	0.434	3289.2427	0.69	0.00254
1	685.438297	2.036e-29	0.0003185	0.0613	0.298	3383.2651	0.51	-0.011833
1	685.5918	1.162e-27	79.34	0.0304	0.164	5255.4482	0.16	0.0
1	685.793674	1.072e-29	0.5198	0.0551	0.298	5076.2656	0.48	0.0113
1	686.487191	2.456e-30	0.000106	0.0827	0.391	3478.9863	0.67	0.002568
1	686.876572	2.742e-30	2.996	0.0349	0.25	5764.2036	0.36	-0.0053
1	686.887468	1.545e-30	3.058	0.0349	0.25	5660.4023	0.36	-0.0053
1	686.972267	1.89e-30	0.2176	0.0683	0.298	5027.5586	0.48	0.0112
1	687.047541	2.885e-30	0.03746	0.0821	0.315	4559.752	0.51	0.0022
1	687.075154	1.406e-30	2.482e-06	0.0192	0.281	2972.8281	0.48	-0.006286
1	687.144211	8.875e-26	0.09889	0.0408	0.201	2952.394	0.59	0.0038
1	687.289569	1.502e-28	3.671	0.0355	0.265	4967.4897	0.24	-0.000358
1	687.474893	1.004e-29	59.54	0.0075	0.161	5966.8203	0.41	0.0
1	687.619099	1.967e-30	0.6586	0.0717	0.298	5246.7993	0.48	-0.0021
1	687.666624	5.716e-29	0.02022	0.0747	0.391	3719.491	0.62	-0.002
1	687.879405	5.716e-22	0.1521	0.0644	0.318	1122.7086	0.65	-0.00523
1	687.986245	1.153e-25	3.886	0.033	0.231	3386.0525	0.24	0.0064
1	688.307339	2.923e-27	0.6068	0.0702	0.371	3864.9661	0.61	-0.007228
1	688.3378	7.83e-27	26.87	0.0556	0.337	4638.6455	0.43	0.0164
1	688.565823	1.15e-29	4.696e-05	0.0611	0.265	3144.5781	0.39	0.0082
1	688.89852	3.472e-30	0.0002319	0.0787	0.371	3601.8584	0.62	-0.004632
1	689.037049	7.896e-22	1.23	0.0358	0.226	1557.8479	0.56	-0.0018
1	689.37893	3.53e-30	2.369	0.0294	0.25	5662.4746	0.36	0.0046
1	689.729919	1.071e-28	63.21	0.0075	0.172	5481.1001	0.41	0.0
