1	700.031549	4.716e-27	0.6877	0.0853	0.412	3495.9395	0.67	-0.0059
1	700.756611	2.549e-28	0.1206	0.0163	0.183	4201.8555	0.41	-0.007192
1	700.845177	8.102e-27	0.6587	0.084	0.412	3375.2981	0.67	0.003696
1	701.062783	1.717e-29	0.01569	0.0693	0.352	4188.394	0.57	-0.007028
1	701.376549	8.544e-29	0.1212	0.018	0.183	4201.2485	0.41	0.002308
1	701.694779	3.717e-29	2.908e-07	0.0342	0.315	1810.5876	0.56	-0.005417
1	701.775277	1.985e-29	187.5	0.0241	0.208	6012.3428	0.41	0.0
1	701.775278	5.954e-29	187.5	0.0241	0.208	6012.3428	0.41	0.0
1	701.965108	3.885e-27	0.0005198	0.0488	0.288	2433.7991	0.39	-0.016884
1	702.055933	1.195e-27	0.0003817	0.0366	0.265	2612.7991	0.39	-0.007098
1	702.306431	1.428e-28	98.14	0.0155	0.183	5495.1465	0.41	0.0
1	702.376372	4.285e-28	98.15	0.0155	0.183	5495.0879	0.41	0.0
1	702.465258	2.438e-30	0.018	0.0224	0.265	4696.8647	0.39	-0.007292
1	702.834727	5.657e-30	0.01544	0.0613	0.352	4186.5688	0.57	-0.006956
1	702.893237	7.275e-30	1.292e-07	0.0643	0.281	1998.9948	0.48	-0.0009
1	703.317292	5.049e-27	0.01686	0.0489	0.209	3127.8621	0.68	-0.0048
1	703.37638	1.683e-27	0.01685	0.0488	0.196	3127.803	0.68	-0.0038
1	703.69581	1.707e-29	208.5	0.0241	0.208	6290.1816	0.41	0.0
1	703.69582	5.692e-30	208.5	0.0241	0.208	6290.1816	0.41	0.0
1	703.712838	2.155e-22	3.426	0.0317	0.207	2042.3107	0.42	0.00743
1	703.763557	5.591e-24	7.391	0.0475	0.257	2739.4287	0.37	0.016
1	704.296742	1.357e-28	81.57	0.0075	0.172	5702.7783	0.41	0.0
1	705.088729	9.489e-29	0.06455	0.0778	0.371	3873.7932	0.61	0.0012
1	705.089895	1.291e-24	0.0001271	0.0728	0.271	885.6003	0.75	0.0047
1	705.294871	2.317e-30	0.01124	0.0165	0.208	4427.2251	0.38	-0.004092
1	705.360003	7.154e-23	0.5453	0.0783	0.372	1616.4531	0.77	-0.0021
1	705.361282	5.701e-22	0.3016	0.0742	0.373	1293.6342	0.76	0.0112
1	705.366952	3.639e-30	0.01292	0.0699	0.333	4488.0903	0.56	0.007
1	705.385071	1.037e-30	0.236	0.0075	0.172	5492.0796	0.41	0.0
1	705.487707	1.856e-30	0.3473	0.0075	0.15	5471.8589	0.41	0.0
1	705.775202	3.399e-28	132.0	0.0208	0.195	5591.1182	0.41	0.0
1	705.776294	1.133e-28	132.0	0.0208	0.195	5591.1182	0.41	0.0
1	706.162953	4.561e-29	82.04	0.0075	0.172	5701.2759	0.41	0.0
1	706.283498	1.103e-27	4.087e-06	0.0461	0.315	1631.3831	0.56	-0.003274
1	706.639746	1.592e-30	0.3009	0.0273	0.195	5204.9868	0.41	0.0074
1	707.082244	6.858e-28	0.03327	0.0242	0.235	3465.0686	0.36	-0.0042
1	707.251594	1.499e-29	0.3484	0.0075	0.161	5031.9731	0.41	0.0
1	707.265096	2.034e-27	0.03288	0.0462	0.198	3464.8877	0.6	-0.0035
1	707.397432	2.533e-22	0.01039	0.0771	0.341	704.2141	0.71	0.0051
1	707.45276	1.53e-30	0.00201	0.0651	0.352	4033.6143	0.57	-0.00616
1	707.480727	1.075e-29	0.002351	0.073	0.371	3864.9656	0.61	0.000712
1	707.660717	1.047e-25	0.007973	0.0661	0.323	2105.8679	0.65	0.0119
1	707.97554	1.058e-29	21.11	0.046	0.195	5700.4805	0.41	0.0067
1	708.057137	6.929e-30	0.0001376	0.0117	0.183	3319.447	0.41	-0.0013
1	708.229417	1.852e-27	0.001978	0.0678	0.334	2818.3982	0.56	0.0058
1	708.260377	5.462e-26	6.564	0.0318	0.238	3877.0889	0.36	0.0103
1	708.338929	2.727e-26	16.01	0.0527	0.33	4027.5061	0.22	0.0067
1	708.783006	1.059e-30	0.4977	0.052	0.298	5304.7271	0.48	-0.0016
1	709.041684	4.566e-25	0.003049	0.072	0.335	1813.2235	0.69	0.0082
1	709.695599	1.651e-29	0.003441	0.0847	0.391	3598.5156	0.62	0.002448
1	709.754411	1.494e-26	7.527	0.0442	0.262	4184.8315	0.36	-0.0086
1	709.963376	2.551e-28	6.515e-08	0.047	0.315	1079.0792	0.56	0.002
1	709.964869	6.435e-28	0.05642	0.0226	0.221	3824.9963	0.36	-0.0033
1	709.993801	2.176e-30	0.1768	0.0155	0.183	5040.8569	0.41	0.0
1	710.241549	2.546e-27	0.0003447	0.0658	0.265	2205.6519	0.39	-0.004063
1	710.434833	8.675e-30	1.962	0.0525	0.265	5186.3364	0.24	0.01258
1	710.46444	2.146e-28	0.05639	0.0217	0.221	3824.4971	0.36	-0.0022
1	710.481799	3.886e-28	0.0004745	0.0767	0.333	2595.8127	0.57	0.0037
1	710.643473	1.788e-30	8.518e-05	0.0223	0.235	3685.4065	0.36	-0.005292
1	710.71265	1.676e-30	0.01851	0.0599	0.352	4695.8364	0.57	-0.0067
1	710.746069	3.677e-26	0.01958	0.0641	0.289	2399.1655	0.61	-0.0032
1	710.779045	5.925e-29	7.467e-06	0.0425	0.265	2433.7991	0.39	-0.009584
1	711.035503	1.027e-24	0.0003262	0.0635	0.288	920.2101	0.75	0.00888
1	711.323842	6.48e-27	0.7369	0.0864	0.412	3438.5754	0.67	-0.00128
1	711.530079	1.105e-25	0.01958	0.0622	0.29	2398.3816	0.61	-0.0039
1	711.672904	4.112e-30	9.551e-05	0.1031	0.48	3175.4414	0.69	0.00642
1	711.690662	5.494e-29	0.08756	0.0187	0.208	4207.5605	0.38	-0.0041
1	711.874946	3.55e-29	0.1276	0.0189	0.195	4612.7891	0.41	-0.0054
1	711.949817	4.525e-28	0.007698	0.0542	0.221	3472.8801	0.36	-0.016192
1	712.253056	2.559e-30	0.003923	0.0651	0.333	4062.8352	0.57	0.0056
1	712.297966	1.898e-28	1.431	0.0405	0.281	4469.7954	0.39	-0.0017
1	712.31814	3.106e-30	0.04292	0.0552	0.315	4784.6621	0.51	-0.012416
1	712.326235	6.237e-28	0.005869	0.0518	0.298	3058.3977	0.51	0.0067
1	712.889258	1.014e-27	0.7042	0.0796	0.371	3873.7937	0.61	-0.00362
1	712.920995	1.653e-28	0.08755	0.0204	0.208	4206.3301	0.38	-0.0011
1	712.928883	7.794e-28	0.3728	0.066	0.333	4071.7329	0.56	0.0091
1	713.050199	3.311e-29	63.75	0.0075	0.161	5947.3008	0.41	0.0
1	713.138434	1.526e-25	0.01633	0.0585	0.275	2414.7234	0.59	0.0132
1	713.174372	2.165e-30	0.05002	0.0324	0.25	4941.605	0.24	0.00118
1	713.338155	5.936e-27	0.7108	0.0694	0.391	3482.48	0.62	-0.001612
1	713.483796	1.301e-22	0.2908	0.0599	0.333	1340.8849	0.58	-0.00573
1	713.743705	1.841e-30	0.0002214	0.0599	0.352	3738.6089	0.61	-0.001912
1	713.791643	1.022e-22	0.9648	0.0727	0.345	1899.0083	0.67	-0.0063
1	714.013957	3.126e-28	0.06952	0.0706	0.371	3864.9656	0.61	0.001
1	714.104607	7.732e-25	0.01357	0.0639	0.313	2042.3107	0.69	0.0143
1	714.215717	1.966e-29	0.0005695	0.0955	0.412	3381.7041	0.67	0.002636
1	714.643166	1.19e-29	0.1275	0.0172	0.195	4610.0205	0.41	-0.0009
1	714.677575	1.749e-29	3.918	0.0414	0.265	5182.0933	0.24	0.017
1	714.815728	3.335e-29	151.7	0.0208	0.195	5866.2402	0.41	0.0
1	714.815732	1e-28	151.6	0.0208	0.195	5866.2402	0.41	0.0
1	714.997137	4.186e-29	0.1059	0.0174	0.281	4469.7368	0.39	-0.005184
1	715.338632	3.39e-30	0.02395	0.0677	0.333	4624.3022	0.56	0.008
1	715.631765	5.343e-26	0.03116	0.0507	0.262	2550.8826	0.59	0.0157
1	715.723382	6.602e-30	0.1765	0.0169	0.183	5035.124	0.41	0.0007
1	715.958516	1.654e-29	0.007857	0.0629	0.315	4068.7034	0.56	0.0071
1	716.009291	1.629e-29	0.1485	0.0394	0.208	4564.085	0.38	-0.0067
1	716.13497	1.508e-25	0.0008854	0.0756	0.353	1538.1497	0.71	0.0036
1	716.182141	6.466e-27	0.7734	0.0654	0.371	3736.1707	0.61	-0.003104
1	716.490814	1.797e-26	0.7111	0.0722	0.391	3478.9866	0.62	0.00152
1	716.540708	6.895e-29	0.5257	0.0165	0.281	4469.7954	0.39	-0.00674
1	716.541949	7.731e-28	0.1584	0.0501	0.333	3895.2527	0.56	-0.0009
1	716.552863	4.728e-29	117.0	0.0155	0.183	5750.8506	0.41	0.0
1	716.555594	1.418e-28	116.9	0.0155	0.183	5750.8477	0.41	0.0
1	716.78781	1.724e-28	3.405e-07	0.0336	0.298	1293.0173	0.51	0.0009
1	717.004007	1.84e-30	0.0725	0.0574	0.333	4977.0439	0.56	-0.0061
1	717.318851	3.39e-28	5.929e-05	0.0826	0.352	2392.5923	0.61	0.0024
1	717.621987	2.523e-30	0.6557	0.0543	0.281	5421.2671	0.39	0.0152
1	718.352136	7.526e-29	0.002993	0.0858	0.391	3478.9863	0.62	0.0059
1	718.432924	2.217e-24	5.86e-05	0.0891	0.374	326.6255	0.72	0.00306
1	718.657397	1.137e-23	6.253	0.0311	0.224	2550.8826	0.35	0.01272
1	719.312031	3.654e-27	0.0001906	0.0582	0.323	1985.7842	0.48	-0.012809
1	719.804958	7.193e-30	9.121	0.0453	0.235	5790.4312	0.36	-0.0086
1	719.943621	5.317e-30	8.887e-05	0.0243	0.235	3464.8862	0.36	-0.005992
1	720.10649	2.688e-29	0.01839	0.0358	0.208	4016.1328	0.38	-0.011092
1	720.869318	1.363e-30	0.03214	0.0198	0.25	4941.605	0.24	-0.00884
1	720.99182	3.297e-30	0.02241	0.0699	0.333	4387.3569	0.56	0.007
1	721.04946	4.762e-30	0.002377	0.0184	0.235	3922.3293	0.36	-0.005492
1	721.233072	1.958e-26	5.721	0.0447	0.285	4052.811	0.36	0.018
1	721.422508	1.421e-23	1.688	0.064	0.378	2205.6528	0.47	-0.0026
1	721.540015	1.435e-29	0.002391	0.0184	0.235	3922.3293	0.36	-0.005492
1	721.602247	2.376e-28	0.1998	0.0122	0.172	4331.063	0.41	-0.0009
1	721.750812	2.844e-29	171.9	0.0208	0.195	6147.0796	0.41	0.0
1	721.75084	9.482e-30	171.9	0.0208	0.195	6147.0796	0.41	0.0
1	721.877222	3.943e-25	0.02859	0.0464	0.206	2358.3018	0.68	-0.0033
1	721.967864	3.141e-28	0.1569	0.0813	0.352	4052.8369	0.57	-0.0022
1	722.4815	4.723e-30	82.89	0.0075	0.161	6170.8301	0.41	0.0
1	723.099919	5.029e-29	101.1	0.0075	0.172	5941.0381	0.41	0.0
1	723.282103	1.676e-29	101.1	0.0075	0.172	5940.8872	0.41	0.0
1	723.547789	1.181e-27	0.01212	0.052	0.281	3314.8557	0.48	0.0113
1	723.572771	1.378e-25	0.4652	0.0507	0.303	2841.4309	0.51	0.0079
1	723.776914	9.886e-27	0.8185	0.0873	0.391	3626.9224	0.62	-0.004192
1	724.145046	7.288e-28	1.889	0.0376	0.281	4469.7368	0.39	0.0002
1	724.205645	6.053e-30	0.207	0.0076	0.172	4855.1499	0.41	0.0
1	724.341473	5.118e-28	9.786e-05	0.0766	0.352	2181.0898	0.61	0.0036
1	724.415438	2.927e-30	0.003034	0.0566	0.333	4224.5874	0.56	-0.008056
1	724.596557	5.902e-29	0.001948	0.0767	0.281	3535.8699	0.48	-0.006118
1	724.983866	3.056e-30	5.864e-05	0.011	0.195	3291.1487	0.41	-0.0022
1	725.302072	1.258e-26	0.7756	0.0837	0.391	3565.4551	0.62	0.001228
1	725.563397	1.305e-25	0.02866	0.0447	0.201	2358.302	0.7	0.0006
1	725.641508	1.815e-26	0.02717	0.0514	0.242	2739.4287	0.55	0.0142
1	725.843216	8.026e-30	0.01369	0.0165	0.208	4427.1191	0.38	-0.004092
1	725.993599	6.899e-30	0.01541	0.0603	0.333	4381.7354	0.56	-0.00394
1	725.99891	5.879e-29	42.59	0.0075	0.161	5739.2246	0.41	0.0
1	726.256907	1.515e-30	4.694e-05	0.0229	0.25	3347.7803	0.24	-0.005901
1	726.358723	1.275e-26	0.05908	0.0231	0.161	3211.2112	0.38	-0.005092
1	726.369027	3.514e-30	0.0004111	0.0133	0.25	3831.176	0.24	-0.003836
1	726.378098	1.172e-30	0.0004113	0.0133	0.25	3831.176	0.24	-0.003829
1	726.395788	1.441e-29	83.88	0.0075	0.161	6167.7085	0.41	0.0
1	726.468125	7.427e-30	0.002314	0.0475	0.298	3770.7241	0.51	-0.0045
1	726.481299	2.228e-29	0.002313	0.0474	0.298	3770.7107	0.51	-0.0044
1	726.515923	4.256e-27	0.05914	0.0231	0.162	3211.0547	0.38	-0.004992
1	726.628023	2.647e-30	193.0	0.0208	0.195	6430.7207	0.41	0.0
1	726.628046	7.94e-30	193.0	0.0208	0.195	6430.7207	0.41	0.0
1	726.675424	3.675e-30	0.3767	0.052	0.298	5207.8018	0.48	-0.0016
1	726.759705	1.599e-26	0.09689	0.0439	0.199	3291.1489	0.57	-0.0051
1	726.886014	2.886e-25	0.0001857	0.0808	0.361	1282.9192	0.78	0.0008
1	727.139484	9.145e-30	3.675e-05	0.0339	0.25	2927.0742	0.24	-0.007473
1	727.235211	1.269e-27	9.167e-07	0.068	0.257	1327.1101	0.82	0.0048
1	727.294966	3.56e-28	0.04597	0.0412	0.235	3655.4834	0.36	-0.0039
1	727.670315	1.869e-29	0.2115	0.0076	0.172	4851.8174	0.41	0.0
1	727.84928	3.867e-29	4.231e-07	0.0427	0.333	1590.6906	0.57	-0.003945
1	728.282627	1.452e-29	136.5	0.0155	0.183	6019.1797	0.41	0.0
1	728.28416	4.355e-29	136.4	0.0155	0.183	6019.1787	0.41	0.0
1	728.409204	1.492e-30	5.601e-06	0.0339	0.25	2927.0742	0.36	-0.007473
1	728.564827	3.341e-26	4.301	0.0356	0.231	3654.2151	0.36	-0.0053
1	728.722296	3.021e-29	0.00868	0.0202	0.221	4045.3206	0.36	-0.005292
1	728.97074	1.559e-30	0.001972	0.0745	0.315	4263.1499	0.56	0.004036
1	729.20741	8.295e-23	0.02029	0.0628	0.267	1059.8354	0.73	-0.00692
1	729.248925	5.971e-29	4.876	0.0347	0.265	4966.6323	0.24	0.0064
1	729.396209	2.767e-23	0.0203	0.0597	0.271	1059.6467	0.72	-0.00662
1	729.415719	2.209e-30	214.4	0.0208	0.195	6714.1182	0.41	0.0
1	729.436056	4.871e-28	9.252e-07	0.0248	0.281	1524.8473	0.48	-0.0022
1	729.587411	3.225e-30	1.291	0.0278	0.25	5534.1099	0.36	-0.0006
1	729.809835	1.075e-30	1.292	0.0284	0.25	5534.1084	0.36	0.0008
1	730.197863	4.812e-25	0.0003501	0.0676	0.272	1080.3855	0.76	0.0066
1	730.383324	1.305e-30	0.6461	0.0543	0.281	5320.8882	0.39	0.0152
1	730.54435	1.551e-23	2.885	0.062	0.334	2533.7932	0.46	0.00897
1	730.691575	1.151e-29	0.02052	0.0188	0.208	4207.5605	0.38	-0.006592
1	730.828432	2.504e-29	0.00882	0.0424	0.281	4038.4028	0.48	-0.0047
1	730.880354	8.347e-30	0.008819	0.0422	0.281	4038.3508	0.48	-0.0045
1	730.917166	1.048e-22	0.0149	0.0737	0.302	744.0637	0.68	0.00591
1	731.053622	1.174e-26	0.76	0.0593	0.371	3601.8586	0.61	0.000112
1	731.254448	5.46e-30	1.317	0.0284	0.25	5429.1177	0.36	0.0008
1	731.769398	1.187e-27	0.8438	0.0557	0.352	3894.1675	0.57	-0.003984
