1	678.220449	3.861e-29	0.04981	0.0461	0.265	4125.5981	0.39	-0.0099
1	678.274849	1.186e-29	2.293e-07	0.028	0.315	2009.8047	0.56	-0.001875
1	678.377682	1.714e-30	0.2864	0.0355	0.298	5334.9878	0.48	-0.0142
1	678.649903	7.686e-29	0.02593	0.044	0.281	3832.2515	0.48	-0.0043
1	678.807728	1.878e-22	0.1529	0.0781	0.302	1131.7756	0.81	-0.00331
1	678.849991	2.276e-30	0.0001464	0.0857	0.391	3565.4546	0.67	0.003356
1	679.247639	6.477e-28	12.36	0.0488	0.221	4736.2393	0.38	-0.0016
1	679.689793	1.733e-30	5.898e-06	0.0648	0.298	3072.7258	0.51	0.0034
1	679.77367	1.521e-30	54.36	0.0269	0.183	6546.7183	0.41	0.012
1	679.783681	1.164e-29	0.01476	0.0665	0.371	4016.0525	0.61	-0.006504
1	680.235041	4.437e-30	3.245e-06	0.0394	0.25	2586.5288	0.24	-0.0049
1	680.321566	3.474e-29	0.01466	0.0604	0.371	4015.5146	0.61	-0.008092
1	680.372174	3.342e-30	0.6824	0.0383	0.265	5182.0933	0.24	0.00012
1	680.534312	1.165e-28	0.04986	0.0406	0.265	4123.2842	0.39	-0.0067
1	680.816906	3.266e-27	94.2	0.0327	0.186	5070.0312	0.19	-0.0018
1	680.842471	1.089e-27	94.23	0.0327	0.147	5070.0098	0.2	0.0
1	681.056469	6.208e-25	0.02695	0.052	0.265	2246.885	0.61	0.00503
1	681.119895	1.358e-30	0.01375	0.0209	0.195	4830.8921	0.41	0.0
1	681.41348	1.616e-30	2.346	0.0483	0.298	5778.041	0.48	-0.0085
1	681.621741	5.916e-30	0.297	0.0569	0.315	5067.0762	0.51	-0.0035
1	681.843609	7.853e-30	0.007426	0.0689	0.25	4285.6465	0.24	-0.011552
1	681.864789	1.297e-28	2.498	0.0504	0.281	4905.6528	0.39	0.0142
1	681.976457	1.529e-29	0.084	0.0371	0.25	4437.3979	0.24	-0.007
1	682.245862	1.451e-25	2.264	0.0592	0.361	3441.0396	0.39	0.0125
1	682.260923	8.875e-26	0.007701	0.0769	0.369	2041.7806	0.61	0.0061
1	682.303806	3.832e-27	0.00597	0.0633	0.332	2705.0969	0.51	0.0081
1	682.450675	1.435e-29	0.005003	0.073	0.391	3719.491	0.62	-0.003064
1	682.6494	2.378e-27	126.6	0.0328	0.127	5183.5908	0.23	-0.002
1	682.650914	7.995e-28	127.7	0.0241	0.208	5183.5894	0.41	0.0
1	682.89942	1.01e-27	1.897e-05	0.0682	0.296	2073.5159	0.74	-0.0001
1	682.907811	1.384e-27	0.04715	0.0452	0.25	3391.1309	0.24	0.0018
1	683.091787	1.191e-30	0.2661	0.0184	0.195	5466.3999	0.41	-0.001792
1	683.194387	1.474e-29	0.1295	0.0333	0.235	4774.043	0.36	-0.0052
1	683.295286	1.968e-30	136.6	0.007	0.221	6646.9521	0.38	-0.0024
1	683.40942	1.237e-26	0.5372	0.0815	0.412	3482.0645	0.67	-0.00436
1	684.315694	1.045e-27	0.124	0.0775	0.391	3722.731	0.62	-0.0004
1	684.511796	6.264e-29	0.4805	0.0213	0.281	4714.8184	0.39	-0.00596
1	684.558334	1.321e-30	0.1868	0.0294	0.221	5132.52	0.36	-0.0025
1	684.577992	1.311e-28	1.095e-06	0.0342	0.315	1810.5876	0.56	-0.005417
1	684.772565	3.878e-28	79.5	0.0155	0.183	5256.1147	0.41	0.0
1	685.205996	1.854e-25	2.499e-05	0.0793	0.301	709.6083	0.75	0.0026
1	685.278432	1.267e-30	103.3	0.0153	0.208	6465.1284	0.41	-0.0016
1	685.282371	3.8e-30	103.3	0.0153	0.208	6465.1245	0.41	-0.0016
1	685.297663	3.336e-27	0.397	0.0786	0.391	3722.731	0.62	-0.002904
1	685.388206	2.903e-26	0.6069	0.0912	0.434	3289.2427	0.69	0.00254
1	685.438297	2.036e-29	0.0003185	0.0613	0.298	3383.2651	0.51	-0.011833
1	685.5918	1.162e-27	79.34	0.0304	0.164	5255.4482	0.16	0.0
1	685.793674	1.072e-29	0.5198	0.0551	0.298	5076.2656	0.48	0.0113
1	686.487191	2.456e-30	0.000106	0.0827	0.391	3478.9863	0.67	0.002568
1	686.876572	2.742e-30	2.996	0.0349	0.25	5764.2036	0.36	-0.0053
1	686.887468	1.545e-30	3.058	0.0349	0.25	5660.4023	0.36	-0.0053
1	686.972267	1.89e-30	0.2176	0.0683	0.298	5027.5586	0.48	0.0112
1	687.047541	2.885e-30	0.03746	0.0821	0.315	4559.752	0.51	0.0022
1	687.075154	1.406e-30	2.482e-06	0.0192	0.281	2972.8281	0.48	-0.006286
1	687.144211	8.875e-26	0.09889	0.0408	0.201	2952.394	0.59	0.0038
1	687.289569	1.502e-28	3.671	0.0355	0.265	4967.4897	0.24	-0.000358
1	687.474893	1.004e-29	59.54	0.0075	0.161	5966.8203	0.41	0.0
1	687.619099	1.967e-30	0.6586	0.0717	0.298	5246.7993	0.48	-0.0021
1	687.666624	5.716e-29	0.02022	0.0747	0.391	3719.491	0.62	-0.002
1	687.879405	5.716e-22	0.1521	0.0644	0.318	1122.7086	0.65	-0.00523
1	687.986245	1.153e-25	3.886	0.033	0.231	3386.0525	0.24	0.0064
1	688.307339	2.923e-27	0.6068	0.0702	0.371	3864.9661	0.61	-0.007228
1	688.3378	7.83e-27	26.87	0.0556	0.337	4638.6455	0.43	0.0164
1	688.565823	1.15e-29	4.696e-05	0.0611	0.265	3144.5781	0.39	0.0082
1	688.89852	3.472e-30	0.0002319	0.0787	0.371	3601.8584	0.62	-0.004632
1	689.037049	7.896e-22	1.23	0.0358	0.226	1557.8479	0.56	-0.0018
1	689.37893	3.53e-30	2.369	0.0294	0.25	5662.4746	0.36	0.0046
1	689.729919	1.071e-28	63.21	0.0075	0.172	5481.1001	0.41	0.0
1	690.020132	2.009e-28	43.94	0.0075	0.172	5276.8003	0.41	0.0
1	690.196079	1.177e-30	0.0007689	0.0818	0.371	3873.7932	0.61	-0.001808
1	690.22007	2.632e-22	1.234	0.0372	0.224	1557.8445	0.59	0.00344
1	690.820699	6.926e-25	0.2827	0.0555	0.313	2630.1926	0.56	0.0039
1	691.192871	2.392e-28	146.8	0.0241	0.208	5455.8867	0.41	0.0
1	691.192903	7.176e-28	146.9	0.0241	0.208	5455.8867	0.41	0.0
1	691.209382	6.659e-28	2.289e-05	0.0845	0.371	2042.7533	0.62	0.0029
1	691.212489	4.435e-30	0.008585	0.0746	0.352	4348.4146	0.57	0.0058
1	691.789982	1.742e-30	88.54	0.0208	0.195	6601.5151	0.41	0.0
1	692.014431	2.77e-30	0.04121	0.0521	0.333	4564.3667	0.56	-0.010644
1	692.41794	7.836e-30	0.03883	0.052	0.333	4564.0303	0.56	-0.00926
1	692.686504	8.477e-30	0.06094	0.0458	0.265	4696.8647	0.39	0.0042
1	693.093163	1.324e-30	0.02127	0.058	0.352	4782.6621	0.57	-0.0065
1	693.117314	3.542e-23	6.083	0.0476	0.259	2551.4836	0.42	-0.01026
1	693.177079	2.51e-26	0.6682	0.092	0.434	3334.627	0.69	5.6e-05
1	693.527838	2.746e-30	35.61	0.0467	0.183	6330.4468	0.41	0.0164
1	693.814056	3.505e-30	0.02532	0.0821	0.315	4661.4482	0.51	0.0022
1	693.927969	8.866e-27	0.001784	0.0543	0.188	2522.2651	0.81	-0.0067
1	693.931794	2.955e-27	0.001784	0.0543	0.188	2522.2615	0.81	-0.0066
1	694.109889	3.861e-22	0.3	0.0826	0.364	1360.2354	0.8	-0.00477
1	694.512966	1.087e-27	112.2	0.0327	0.131	5324.6665	0.2	0.0
1	694.516064	3.654e-28	113.2	0.0208	0.195	5324.6636	0.41	0.0
1	694.984515	4.479e-29	1.118	0.0163	0.265	4967.4897	0.24	-0.006552
1	694.986801	1.042e-29	0.25	0.0683	0.298	4926.3467	0.48	0.0112
1	695.099337	7.761e-29	0.1497	0.0325	0.221	4243.1528	0.36	0.0047
1	695.191722	2.354e-26	0.6481	0.0795	0.412	3381.7041	0.67	0.00162
1	695.280861	2.652e-30	57.67	0.0075	0.15	6465.2236	0.41	0.0
1	696.051707	8.56e-28	6.716e-07	0.0241	0.298	1114.5312	0.51	-0.0016
1	696.092197	1.76e-30	0.193	0.0397	0.298	5238.3848	0.48	-0.013648
1	696.24307	1.738e-22	0.048	0.0844	0.399	920.2101	0.77	0.0011
1	696.48628	1.663e-29	0.1245	0.0217	0.221	4507.522	0.36	-0.004792
1	696.511126	1.593e-30	0.0003229	0.0728	0.371	3600.0522	0.62	0.000948
1	696.807085	2.684e-25	0.4054	0.058	0.344	2690.5938	0.51	0.0128
1	696.861775	2.569e-30	1.044	0.0706	0.281	5524.5684	0.39	-0.0035
1	696.914676	4.198e-30	0.003524	0.0176	0.221	4283.3071	0.36	-0.005192
1	697.05438	7.207e-23	3.378	0.0372	0.223	2042.3741	0.41	-0.00563
1	697.073876	1.352e-30	0.8925	0.0139	0.25	5654.7793	0.36	-0.009404
1	697.283844	5.023e-29	0.1251	0.0215	0.221	4506.7324	0.36	-0.004392
1	697.379714	4.313e-27	0.01729	0.0499	0.272	3135.7649	0.48	0.0114
1	697.440704	1.112e-30	121.8	0.0126	0.208	6744.8975	0.41	0.0028
1	697.448484	5.73e-30	0.021	0.019	0.195	4612.7891	0.41	-0.007892
1	697.456174	1.325e-29	8.111e-07	0.0449	0.265	2275.3718	0.39	0.0012
1	697.569128	2.082e-28	166.8	0.0241	0.208	5733.1514	0.41	0.0
1	697.569143	6.941e-29	166.8	0.0241	0.208	5733.1514	0.41	0.0
1	697.918073	5.474e-22	0.5957	0.0592	0.323	1446.1283	0.51	0.01109
1	698.047533	2.901e-27	0.5862	0.0746	0.391	3598.5159	0.62	-0.004492
1	698.057437	1.693e-27	0.2113	0.037	0.176	3940.5879	0.53	-0.0023
1	698.163354	1.414e-30	0.003574	0.0159	0.221	4283.3042	0.36	-0.003992
1	698.444993	1.057e-29	0.0004138	0.0558	0.298	3564.7051	0.51	-0.016596
1	698.460544	2.168e-29	0.0001398	0.0098	0.183	3319.4458	0.41	-0.0017
1	698.856409	1.961e-26	3.776	0.0528	0.333	3738.5435	0.24	0.0167
1	698.876153	2.987e-27	0.006927	0.0513	0.197	2813.5288	0.75	-0.0059
1	698.892651	8.961e-27	0.006927	0.0512	0.197	2813.5122	0.75	-0.0058
1	699.369401	2.195e-30	0.2178	0.0569	0.315	4971.2603	0.51	-0.0035
1	699.643417	5.146e-30	0.001181	0.0747	0.352	3879.3359	0.61	0.0034
1	699.827166	1.482e-30	0.0007849	0.0161	0.235	4172.1504	0.36	-0.005092
1	700.031549	4.716e-27	0.6877	0.0853	0.412	3495.9395	0.67	-0.0059
1	700.756611	2.549e-28	0.1206	0.0163	0.183	4201.8555	0.41	-0.007192
1	700.845177	8.102e-27	0.6587	0.084	0.412	3375.2981	0.67	0.003696
1	701.062783	1.717e-29	0.01569	0.0693	0.352	4188.394	0.57	-0.007028
1	701.376549	8.544e-29	0.1212	0.018	0.183	4201.2485	0.41	0.002308
1	701.694779	3.717e-29	2.908e-07	0.0342	0.315	1810.5876	0.56	-0.005417
1	701.775277	1.985e-29	187.5	0.0241	0.208	6012.3428	0.41	0.0
1	701.775278	5.954e-29	187.5	0.0241	0.208	6012.3428	0.41	0.0
1	701.965108	3.885e-27	0.0005198	0.0488	0.288	2433.7991	0.39	-0.016884
