  18  ,noaa_18_hirs_18.flt
Number of data points:
1046
Wavenumber (cm-1)   Filter response
     2457.600000       0.000000
     2457.700000       0.003218
     2457.800000       0.002853
     2457.900000       0.002517
     2458.000000       0.002217
     2458.100000       0.001958
     2458.200000       0.001747
     2458.300000       0.001588
     2458.400000       0.001484
     2458.500000       0.001438
     2458.600000       0.001452
     2458.700000       0.001525
     2458.800000       0.001657
     2458.900000       0.001845
     2459.000000       0.002085
     2459.100000       0.002374
     2459.200000       0.002704
     2459.300000       0.003071
     2459.400000       0.003465
     2459.500000       0.003880
     2459.600000       0.004307
     2459.700000       0.004625
     2459.800000       0.004691
     2459.900000       0.004760
     2460.000000       0.004831
     2460.100000       0.004905
     2460.200000       0.004979
     2460.300000       0.005055
     2460.400000       0.005132
     2460.500000       0.005209
     2460.600000       0.005285
     2460.700000       0.005362
     2460.800000       0.005437
     2460.900000       0.005511
     2461.000000       0.005583
     2461.100000       0.005653
     2461.200000       0.005719
     2461.300000       0.005783
     2461.400000       0.005843
     2461.500000       0.005900
     2461.600000       0.005953
     2461.700000       0.006002
     2461.800000       0.006047
     2461.900000       0.006088
     2462.000000       0.006125
     2462.100000       0.006158
     2462.200000       0.006188
     2462.300000       0.006214
     2462.400000       0.006237
     2462.500000       0.006257
     2462.600000       0.006276
     2462.700000       0.006293
     2462.800000       0.006309
     2462.900000       0.006325
     2463.000000       0.006340
     2463.100000       0.006357
     2463.200000       0.006375
     2463.300000       0.006396
     2463.400000       0.006419
     2463.500000       0.006445
     2463.600000       0.006475
     2463.700000       0.006509
     2463.800000       0.006547
     2463.900000       0.006590
     2464.000000       0.006637
     2464.100000       0.006690
     2464.200000       0.006747
     2464.300000       0.006808
     2464.400000       0.006875
     2464.500000       0.006945
     2464.600000       0.007020
     2464.700000       0.007097
     2464.800000       0.007178
     2464.900000       0.007262
     2465.000000       0.007348
     2465.100000       0.007434
     2465.200000       0.007522
     2465.300000       0.007610
     2465.400000       0.007698
     2465.500000       0.007785
     2465.600000       0.007871
     2465.700000       0.007955
     2465.800000       0.008038
     2465.900000       0.008119
     2466.000000       0.008197
     2466.100000       0.008273
     2466.200000       0.008346
     2466.300000       0.008417
     2466.400000       0.008485
     2466.500000       0.008551
     2466.600000       0.008615
     2466.700000       0.008677
     2466.800000       0.008738
     2466.900000       0.008797
     2467.000000       0.008855
     2467.100000       0.008913
     2467.200000       0.008971
     2467.300000       0.009029
     2467.400000       0.009087
     2467.500000       0.009145
     2467.600000       0.009205
     2467.700000       0.009266
     2467.800000       0.009328
     2467.900000       0.009391
     2468.000000       0.009456
     2468.100000       0.009523
     2468.200000       0.009591
     2468.300000       0.009659
     2468.400000       0.009729
     2468.500000       0.009799
     2468.600000       0.009869
     2468.700000       0.009939
     2468.800000       0.010008
     2468.900000       0.010077
     2469.000000       0.010145
     2469.100000       0.010211
     2469.200000       0.010276
     2469.300000       0.010338
     2469.400000       0.010399
     2469.500000       0.010458
     2469.600000       0.010514
     2469.700000       0.010568
     2469.800000       0.010619
     2469.900000       0.010669
     2470.000000       0.010717
     2470.100000       0.010764
     2470.200000       0.010810
     2470.300000       0.010855
     2470.400000       0.010900
     2470.500000       0.010945
     2470.600000       0.010991
     2470.700000       0.011038
     2470.800000       0.011088
     2470.900000       0.011140
     2471.000000       0.011195
     2471.100000       0.011254
     2471.200000       0.011317
     2471.300000       0.011386
     2471.400000       0.011459
     2471.500000       0.011539
     2471.600000       0.011625
     2471.700000       0.011717
     2471.800000       0.011815
     2471.900000       0.011921
     2472.000000       0.012033
     2472.100000       0.012151
     2472.200000       0.012276
     2472.300000       0.012408
     2472.400000       0.012546
     2472.500000       0.012691
     2472.600000       0.012840
     2472.700000       0.012995
     2472.800000       0.013155
     2472.900000       0.013318
     2473.000000       0.013486
     2473.100000       0.013656
     2473.200000       0.013829
     2473.300000       0.014004
     2473.400000       0.014180
     2473.500000       0.014358
     2473.600000       0.014536
     2473.700000       0.014714
     2473.800000       0.014892
     2473.900000       0.015069
     2474.000000       0.015246
     2474.100000       0.015422
     2474.200000       0.015598
     2474.300000       0.015772
     2474.400000       0.015945
     2474.500000       0.016115
     2474.600000       0.016284
     2474.700000       0.016452
     2474.800000       0.016619
     2474.900000       0.016786
     2475.000000       0.016952
     2475.100000       0.017120
     2475.200000       0.017288
     2475.300000       0.017458
     2475.400000       0.017628
     2475.500000       0.017800
     2475.600000       0.017975
     2475.700000       0.018152
     2475.800000       0.018332
     2475.900000       0.018515
     2476.000000       0.018703
     2476.100000       0.018895
     2476.200000       0.019091
     2476.300000       0.019292
     2476.400000       0.019498
     2476.500000       0.019708
     2476.600000       0.019924
     2476.700000       0.020144
     2476.800000       0.020369
     2476.900000       0.020599
     2477.000000       0.020834
     2477.100000       0.021074
     2477.200000       0.021319
     2477.300000       0.021568
     2477.400000       0.021821
     2477.500000       0.022079
     2477.600000       0.022340
     2477.700000       0.022604
     2477.800000       0.022872
     2477.900000       0.023142
     2478.000000       0.023415
     2478.100000       0.023686
     2478.200000       0.023959
     2478.300000       0.024232
     2478.400000       0.024507
     2478.500000       0.024783
     2478.600000       0.025059
     2478.700000       0.025335
     2478.800000       0.025612
     2478.900000       0.025891
     2479.000000       0.026171
     2479.100000       0.026451
     2479.200000       0.026731
     2479.300000       0.027012
     2479.400000       0.027293
     2479.500000       0.027576
     2479.600000       0.027861
     2479.700000       0.028147
     2479.800000       0.028436
     2479.900000       0.028729
     2480.000000       0.029024
     2480.100000       0.029324
     2480.200000       0.029628
     2480.300000       0.029939
     2480.400000       0.030256
     2480.500000       0.030581
     2480.600000       0.030913
     2480.700000       0.031255
     2480.800000       0.031606
     2480.900000       0.031968
     2481.000000       0.032342
     2481.100000       0.032730
     2481.200000       0.033132
     2481.300000       0.033548
     2481.400000       0.033978
     2481.500000       0.034425
     2481.600000       0.034887
     2481.700000       0.035367
     2481.800000       0.035865
     2481.900000       0.036380
     2482.000000       0.036915
     2482.100000       0.037471
     2482.200000       0.038048
     2482.300000       0.038645
     2482.400000       0.039262
     2482.500000       0.039901
     2482.600000       0.040561
     2482.700000       0.041242
     2482.800000       0.041945
     2482.900000       0.042669
     2483.000000       0.043416
     2483.100000       0.044184
     2483.200000       0.044974
     2483.300000       0.045783
     2483.400000       0.046613
     2483.500000       0.047465
     2483.600000       0.048338
     2483.700000       0.049231
     2483.800000       0.049871
     2483.900000       0.050862
     2484.000000       0.051845
     2484.100000       0.052818
     2484.200000       0.053783
     2484.300000       0.054742
     2484.400000       0.055695
     2484.500000       0.056645
     2484.600000       0.057594
     2484.700000       0.058545
     2484.800000       0.059502
     2484.900000       0.060468
     2485.000000       0.061447
     2485.100000       0.062441
     2485.200000       0.063454
     2485.300000       0.064490
     2485.400000       0.065552
     2485.500000       0.066640
     2485.600000       0.067758
     2485.700000       0.068909
     2485.800000       0.070093
     2485.900000       0.071311
     2486.000000       0.072564
     2486.100000       0.073849
     2486.200000       0.075166
     2486.300000       0.076512
     2486.400000       0.077887
     2486.500000       0.079287
     2486.600000       0.080709
     2486.700000       0.082150
     2486.800000       0.083606
     2486.900000       0.085075
     2487.000000       0.086552
     2487.100000       0.088035
     2487.200000       0.089521
     2487.300000       0.091007
     2487.400000       0.092492
     2487.500000       0.093973
     2487.600000       0.095452
     2487.700000       0.096922
     2487.800000       0.098390
     2487.900000       0.099856
     2488.000000       0.101320
     2488.100000       0.102790
     2488.200000       0.104270
     2488.300000       0.105760
     2488.400000       0.107260
     2488.500000       0.108790
     2488.600000       0.110340
     2488.700000       0.111930
     2488.800000       0.113550
     2488.900000       0.115230
     2489.000000       0.116950
     2489.100000       0.118720
     2489.200000       0.120560
     2489.300000       0.122470
     2489.400000       0.124440
     2489.500000       0.126480
     2489.600000       0.128600
     2489.700000       0.130790
     2489.800000       0.133060
     2489.900000       0.135410
     2490.000000       0.137840
     2490.100000       0.140340
     2490.200000       0.142900
     2490.300000       0.145530
     2490.400000       0.148220
     2490.500000       0.150960
     2490.600000       0.153760
     2490.700000       0.156600
     2490.800000       0.159470
     2490.900000       0.162380
     2491.000000       0.165320
     2491.100000       0.168270
     2491.200000       0.171250
     2491.300000       0.174230
     2491.400000       0.177230
     2491.500000       0.180220
     2491.600000       0.183220
     2491.700000       0.186220
     2491.800000       0.189220
     2491.900000       0.192220
     2492.000000       0.195220
     2492.100000       0.198250
     2492.200000       0.201290
     2492.300000       0.204340
     2492.400000       0.207400
     2492.500000       0.210480
     2492.600000       0.213580
     2492.700000       0.216700
     2492.800000       0.219860
     2492.900000       0.223060
     2493.000000       0.226300
     2493.100000       0.229580
     2493.200000       0.232920
     2493.300000       0.236320
     2493.400000       0.239770
     2493.500000       0.243290
     2493.600000       0.246870
     2493.700000       0.250510
     2493.800000       0.254230
     2493.900000       0.258010
     2494.000000       0.261850
     2494.100000       0.265740
     2494.200000       0.269690
     2494.300000       0.273710
     2494.400000       0.277790
     2494.500000       0.281920
     2494.600000       0.286100
     2494.700000       0.290320
     2494.800000       0.294570
     2494.900000       0.298860
     2495.000000       0.303170
     2495.100000       0.307490
     2495.200000       0.311820
     2495.300000       0.316170
     2495.400000       0.320530
     2495.500000       0.324890
     2495.600000       0.329260
     2495.700000       0.333630
     2495.800000       0.338010
     2495.900000       0.342380
     2496.000000       0.346740
     2496.100000       0.351120
     2496.200000       0.355500
     2496.300000       0.359880
     2496.400000       0.364250
     2496.500000       0.368570
     2496.600000       0.372890
     2496.700000       0.377210
     2496.800000       0.381540
     2496.900000       0.385860
     2497.000000       0.390200
     2497.100000       0.394530
     2497.200000       0.398880
     2497.300000       0.403220
     2497.400000       0.407580
     2497.500000       0.411940
     2497.600000       0.416310
     2497.700000       0.420690
     2497.800000       0.425070
     2497.900000       0.429460
     2498.000000       0.433850
     2498.100000       0.438280
     2498.200000       0.442710
     2498.300000       0.447140
     2498.400000       0.451570
     2498.500000       0.456000
     2498.600000       0.460430
     2498.700000       0.464780
     2498.800000       0.469130
     2498.900000       0.473470
     2499.000000       0.477800
     2499.100000       0.482120
     2499.200000       0.486440
     2499.300000       0.490760
     2499.400000       0.495070
     2499.500000       0.499370
     2499.600000       0.503670
     2499.700000       0.507970
     2499.800000       0.512260
     2499.900000       0.516550
     2500.000000       0.520850
     2500.100000       0.525110
     2500.200000       0.529380
     2500.300000       0.533640
     2500.400000       0.537910
     2500.500000       0.542180
     2500.600000       0.546450
     2500.700000       0.550720
     2500.800000       0.554980
     2500.900000       0.559350
     2501.000000       0.563710
     2501.100000       0.568070
     2501.200000       0.572420
     2501.300000       0.576760
     2501.400000       0.581080
     2501.500000       0.585390
     2501.600000       0.589690
     2501.700000       0.593950
     2501.800000       0.598180
     2501.900000       0.602400
     2502.000000       0.606580
     2502.100000       0.610740
     2502.200000       0.614860
     2502.300000       0.618950
     2502.400000       0.623010
     2502.500000       0.627040
     2502.600000       0.631030
     2502.700000       0.634990
     2502.800000       0.638910
     2502.900000       0.642810
     2503.000000       0.646670
     2503.100000       0.650540
     2503.200000       0.654390
     2503.300000       0.658210
     2503.400000       0.662010
     2503.500000       0.665790
     2503.600000       0.669550
     2503.700000       0.673300
     2503.800000       0.677030
     2503.900000       0.680760
     2504.000000       0.684470
     2504.100000       0.688170
     2504.200000       0.691870
     2504.300000       0.695560
     2504.400000       0.699250
     2504.500000       0.702930
     2504.600000       0.706610
     2504.700000       0.710280
     2504.800000       0.713940
     2504.900000       0.717600
     2505.000000       0.721250
     2505.100000       0.724940
     2505.200000       0.728620
     2505.300000       0.732200
     2505.400000       0.735780
     2505.500000       0.739330
     2505.600000       0.742880
     2505.700000       0.746410
     2505.800000       0.749930
     2505.900000       0.753430
     2506.000000       0.756920
     2506.100000       0.760490
     2506.200000       0.764060
     2506.300000       0.767620
     2506.400000       0.771160
     2506.500000       0.774700
     2506.600000       0.778220
     2506.700000       0.781740
     2506.800000       0.785260
     2506.900000       0.788760
     2507.000000       0.792270
     2507.100000       0.795770
     2507.200000       0.799260
     2507.300000       0.802750
     2507.400000       0.806240
     2507.500000       0.809750
     2507.600000       0.813260
     2507.700000       0.816770
     2507.800000       0.820270
     2507.900000       0.823770
     2508.000000       0.827250
     2508.100000       0.830640
     2508.200000       0.833970
     2508.300000       0.837280
     2508.400000       0.840570
     2508.500000       0.843830
     2508.600000       0.847060
     2508.700000       0.850260
     2508.800000       0.853430
     2508.900000       0.856550
     2509.000000       0.859640
     2509.100000       0.862670
     2509.200000       0.865660
     2509.300000       0.868610
     2509.400000       0.871500
     2509.500000       0.874350
     2509.600000       0.877150
     2509.700000       0.879880
     2509.800000       0.882560
     2509.900000       0.885200
     2510.000000       0.887790
     2510.100000       0.890280
     2510.200000       0.892730
     2510.300000       0.895140
     2510.400000       0.897530
     2510.500000       0.899890
     2510.600000       0.902230
     2510.700000       0.904550
     2510.800000       0.906840
     2510.900000       0.909130
     2511.000000       0.911400
     2511.100000       0.913670
     2511.200000       0.915920
     2511.300000       0.918160
     2511.400000       0.920400
     2511.500000       0.922630
     2511.600000       0.924840
     2511.700000       0.927050
     2511.800000       0.929230
     2511.900000       0.931500
     2512.000000       0.933760
     2512.100000       0.936140
     2512.200000       0.938500
     2512.300000       0.940820
     2512.400000       0.943110
     2512.500000       0.945360
     2512.600000       0.947560
     2512.700000       0.949720
     2512.800000       0.951840
     2512.900000       0.953900
     2513.000000       0.955910
     2513.100000       0.957860
     2513.200000       0.959760
     2513.300000       0.961600
     2513.400000       0.963400
     2513.500000       0.965130
     2513.600000       0.966820
     2513.700000       0.968450
     2513.800000       0.970040
     2513.900000       0.971590
     2514.000000       0.973100
     2514.100000       0.974500
     2514.200000       0.975840
     2514.300000       0.977150
     2514.400000       0.978430
     2514.500000       0.979690
     2514.600000       0.980930
     2514.700000       0.982160
     2514.800000       0.983370
     2514.900000       0.984560
     2515.000000       0.985740
     2515.100000       0.986890
     2515.200000       0.988010
     2515.300000       0.989130
     2515.400000       0.990220
     2515.500000       0.991280
     2515.600000       0.992320
     2515.700000       0.993330
     2515.800000       0.994300
     2515.900000       0.995230
     2516.000000       0.996110
     2516.100000       0.996980
     2516.200000       0.997780
     2516.300000       0.998330
     2516.400000       0.998820
     2516.500000       0.999220
     2516.600000       0.999550
     2516.700000       0.999790
     2516.800000       0.999940
     2516.900000       1.000000
     2517.000000       0.999970
     2517.100000       0.999850
     2517.200000       0.999640
     2517.300000       0.999340
     2517.400000       0.998960
     2517.500000       0.998480
     2517.600000       0.997930
     2517.700000       0.997300
     2517.800000       0.996600
     2517.900000       0.995830
     2518.000000       0.995010
     2518.100000       0.994270
     2518.200000       0.993480
     2518.300000       0.992650
     2518.400000       0.991780
     2518.500000       0.990770
     2518.600000       0.989740
     2518.700000       0.988680
     2518.800000       0.987610
     2518.900000       0.986520
     2519.000000       0.985410
     2519.100000       0.984300
     2519.200000       0.983180
     2519.300000       0.982040
     2519.400000       0.980880
     2519.500000       0.979720
     2519.600000       0.978530
     2519.700000       0.977320
     2519.800000       0.976090
     2519.900000       0.974830
     2520.000000       0.973510
     2520.100000       0.972080
     2520.200000       0.970600
     2520.300000       0.969080
     2520.400000       0.967510
     2520.500000       0.965880
     2520.600000       0.964200
     2520.700000       0.962520
     2520.800000       0.960770
     2520.900000       0.958950
     2521.000000       0.957070
     2521.100000       0.955120
     2521.200000       0.953100
     2521.300000       0.951010
     2521.400000       0.948860
     2521.500000       0.946640
     2521.600000       0.944360
     2521.700000       0.942020
     2521.800000       0.939620
     2521.900000       0.937170
     2522.000000       0.934670
     2522.100000       0.932130
     2522.200000       0.929550
     2522.300000       0.926920
     2522.400000       0.924260
     2522.500000       0.921570
     2522.600000       0.918840
     2522.700000       0.916080
     2522.800000       0.913300
     2522.900000       0.910610
     2523.000000       0.907890
     2523.100000       0.905140
     2523.200000       0.902370
     2523.300000       0.899570
     2523.400000       0.896740
     2523.500000       0.893880
     2523.600000       0.890990
     2523.700000       0.888070
     2523.800000       0.885120
     2523.900000       0.882130
     2524.000000       0.879120
     2524.100000       0.876100
     2524.200000       0.873040
     2524.300000       0.869940
     2524.400000       0.866790
     2524.500000       0.863600
     2524.600000       0.860370
     2524.700000       0.857090
     2524.800000       0.853760
     2524.900000       0.850390
     2525.000000       0.846970
     2525.100000       0.843550
     2525.200000       0.840090
     2525.300000       0.836580
     2525.400000       0.833030
     2525.500000       0.829460
     2525.600000       0.825900
     2525.700000       0.822300
     2525.800000       0.818650
     2525.900000       0.814960
     2526.000000       0.811230
     2526.100000       0.807440
     2526.200000       0.803610
     2526.300000       0.799740
     2526.400000       0.795820
     2526.500000       0.791850
     2526.600000       0.787830
     2526.700000       0.783760
     2526.800000       0.779640
     2526.900000       0.775470
     2527.000000       0.771240
     2527.100000       0.766960
     2527.200000       0.762620
     2527.300000       0.758120
     2527.400000       0.753570
     2527.500000       0.748950
     2527.600000       0.744280
     2527.700000       0.739540
     2527.800000       0.734740
     2527.900000       0.729890
     2528.000000       0.724970
     2528.100000       0.720060
     2528.200000       0.715090
     2528.300000       0.710070
     2528.400000       0.704990
     2528.500000       0.699870
     2528.600000       0.694700
     2528.700000       0.689490
     2528.800000       0.684240
     2528.900000       0.678960
     2529.000000       0.673640
     2529.100000       0.668300
     2529.200000       0.662930
     2529.300000       0.657540
     2529.400000       0.652140
     2529.500000       0.646650
     2529.600000       0.641150
     2529.700000       0.635650
     2529.800000       0.630130
     2529.900000       0.624610
     2530.000000       0.619080
     2530.100000       0.613540
     2530.200000       0.607990
     2530.300000       0.602430
     2530.400000       0.596860
     2530.500000       0.591290
     2530.600000       0.585700
     2530.700000       0.580100
     2530.800000       0.574480
     2530.900000       0.568850
     2531.000000       0.563190
     2531.100000       0.557520
     2531.200000       0.551820
     2531.300000       0.546100
     2531.400000       0.540360
     2531.500000       0.534590
     2531.600000       0.528800
     2531.700000       0.523000
     2531.800000       0.517170
     2531.900000       0.511330
     2532.000000       0.505480
     2532.100000       0.499580
     2532.200000       0.493660
     2532.300000       0.487700
     2532.400000       0.481740
     2532.500000       0.475780
     2532.600000       0.469830
     2532.700000       0.463900
     2532.800000       0.457990
     2532.900000       0.452100
     2533.000000       0.446240
     2533.100000       0.440420
     2533.200000       0.434630
     2533.300000       0.428890
     2533.400000       0.423190
     2533.500000       0.417530
     2533.600000       0.411930
     2533.700000       0.406370
     2533.800000       0.400860
     2533.900000       0.395430
     2534.000000       0.390050
     2534.100000       0.384690
     2534.200000       0.379370
     2534.300000       0.374100
     2534.400000       0.368860
     2534.500000       0.363660
     2534.600000       0.358490
     2534.700000       0.353350
     2534.800000       0.348240
     2534.900000       0.343150
     2535.000000       0.338080
     2535.100000       0.333010
     2535.200000       0.327960
     2535.300000       0.322920
     2535.400000       0.317880
     2535.500000       0.312860
     2535.600000       0.307850
     2535.700000       0.302850
     2535.800000       0.297870
     2535.900000       0.292890
     2536.000000       0.287940
     2536.100000       0.283070
     2536.200000       0.278220
     2536.300000       0.273390
     2536.400000       0.268610
     2536.500000       0.263860
     2536.600000       0.259150
     2536.700000       0.254500
     2536.800000       0.249900
     2536.900000       0.245370
     2537.000000       0.240900
     2537.100000       0.236510
     2537.200000       0.232190
     2537.300000       0.227970
     2537.400000       0.223820
     2537.500000       0.219770
     2537.600000       0.215810
     2537.700000       0.211950
     2537.800000       0.208180
     2537.900000       0.204510
     2538.000000       0.200930
     2538.100000       0.197450
     2538.200000       0.194070
     2538.300000       0.190750
     2538.400000       0.187520
     2538.500000       0.184370
     2538.600000       0.181290
     2538.700000       0.178280
     2538.800000       0.175340
     2538.900000       0.172450
     2539.000000       0.169620
     2539.100000       0.166840
     2539.200000       0.164100
     2539.300000       0.161400
     2539.400000       0.158730
     2539.500000       0.156090
     2539.600000       0.153480
     2539.700000       0.150880
     2539.800000       0.148300
     2539.900000       0.145740
     2540.000000       0.143190
     2540.100000       0.140640
     2540.200000       0.138100
     2540.300000       0.135580
     2540.400000       0.133070
     2540.500000       0.130550
     2540.600000       0.128060
     2540.700000       0.125580
     2540.800000       0.123120
     2540.900000       0.120690
     2541.000000       0.118290
     2541.100000       0.115910
     2541.200000       0.113580
     2541.300000       0.113860
     2541.400000       0.111730
     2541.500000       0.109630
     2541.600000       0.107570
     2541.700000       0.105550
     2541.800000       0.103560
     2541.900000       0.101610
     2542.000000       0.099696
     2542.100000       0.097815
     2542.200000       0.095970
     2542.300000       0.094161
     2542.400000       0.092389
     2542.500000       0.090654
     2542.600000       0.088955
     2542.700000       0.087295
     2542.800000       0.085671
     2542.900000       0.084082
     2543.000000       0.082528
     2543.100000       0.081009
     2543.200000       0.079522
     2543.300000       0.078070
     2543.400000       0.076649
     2543.500000       0.075260
     2543.600000       0.073902
     2543.700000       0.072574
     2543.800000       0.071275
     2543.900000       0.070004
     2544.000000       0.068760
     2544.100000       0.067553
     2544.200000       0.066373
     2544.300000       0.065217
     2544.400000       0.064084
     2544.500000       0.062973
     2544.600000       0.061885
     2544.700000       0.060818
     2544.800000       0.059771
     2544.900000       0.058746
     2545.000000       0.057740
     2545.100000       0.056754
     2545.200000       0.055786
     2545.300000       0.054836
     2545.400000       0.053904
     2545.500000       0.052988
     2545.600000       0.052090
     2545.700000       0.051207
     2545.800000       0.050341
     2545.900000       0.049490
     2546.000000       0.048655
     2546.100000       0.047838
     2546.200000       0.047036
     2546.300000       0.046248
     2546.400000       0.045475
     2546.500000       0.044716
     2546.600000       0.043970
     2546.700000       0.043238
     2546.800000       0.042519
     2546.900000       0.041813
     2547.000000       0.041119
     2547.100000       0.040434
     2547.200000       0.039762
     2547.300000       0.039100
     2547.400000       0.038450
     2547.500000       0.037810
     2547.600000       0.037182
     2547.700000       0.036563
     2547.800000       0.035954
     2547.900000       0.035355
     2548.000000       0.034766
     2548.100000       0.034185
     2548.200000       0.033612
     2548.300000       0.033048
     2548.400000       0.032494
     2548.500000       0.031950
     2548.600000       0.031415
     2548.700000       0.030891
     2548.800000       0.030376
     2548.900000       0.029872
     2549.000000       0.029377
     2549.100000       0.028894
     2549.200000       0.028420
     2549.300000       0.027959
     2549.400000       0.027507
     2549.500000       0.027067
     2549.600000       0.026638
     2549.700000       0.026219
     2549.800000       0.025811
     2549.900000       0.025414
     2550.000000       0.025027
     2550.100000       0.024651
     2550.200000       0.024285
     2550.300000       0.023928
     2550.400000       0.023581
     2550.500000       0.023242
     2550.600000       0.022912
     2550.700000       0.022590
     2550.800000       0.022276
     2550.900000       0.021968
     2551.000000       0.021667
     2551.100000       0.021372
     2551.200000       0.021082
     2551.300000       0.020798
     2551.400000       0.020519
     2551.500000       0.020245
     2551.600000       0.019976
     2551.700000       0.019710
     2551.800000       0.019448
     2551.900000       0.019189
     2552.000000       0.018934
     2552.100000       0.018684
     2552.200000       0.018437
     2552.300000       0.018194
     2552.400000       0.017955
     2552.500000       0.017719
     2552.600000       0.017488
     2552.700000       0.017261
     2552.800000       0.017039
     2552.900000       0.016821
     2553.000000       0.016609
     2553.100000       0.016402
     2553.200000       0.016201
     2553.300000       0.016007
     2553.400000       0.015818
     2553.500000       0.015637
     2553.600000       0.015461
     2553.700000       0.015292
     2553.800000       0.015130
     2553.900000       0.014975
     2554.000000       0.014827
     2554.100000       0.014684
     2554.200000       0.014548
     2554.300000       0.014418
     2554.400000       0.014294
     2554.500000       0.014175
     2554.600000       0.014062
     2554.700000       0.013954
     2554.800000       0.013851
     2554.900000       0.013752
     2555.000000       0.013657
     2555.100000       0.013566
     2555.200000       0.013478
     2555.300000       0.013394
     2555.400000       0.013312
     2555.500000       0.013232
     2555.600000       0.013155
     2555.700000       0.013081
     2555.800000       0.013008
     2555.900000       0.012936
     2556.000000       0.012866
     2556.100000       0.012796
     2556.200000       0.012727
     2556.300000       0.012659
     2556.400000       0.012592
     2556.500000       0.012526
     2556.600000       0.012460
     2556.700000       0.012394
     2556.800000       0.012328
     2556.900000       0.012261
     2557.000000       0.012194
     2557.100000       0.012125
     2557.200000       0.012055
     2557.300000       0.011982
     2557.400000       0.011907
     2557.500000       0.011828
     2557.600000       0.011745
     2557.700000       0.011658
     2557.800000       0.011566
     2557.900000       0.011468
     2558.000000       0.011364
     2558.100000       0.011255
     2558.200000       0.011140
     2558.300000       0.011016
     2558.400000       0.010884
     2558.500000       0.010743
     2558.600000       0.010594
     2558.700000       0.010436
     2558.800000       0.010269
     2558.900000       0.010093
     2559.000000       0.009908
     2559.100000       0.009715
     2559.200000       0.009514
     2559.300000       0.009306
     2559.400000       0.009092
     2559.500000       0.008871
     2559.600000       0.008646
     2559.700000       0.008416
     2559.800000       0.008381
     2559.900000       0.008327
     2560.000000       0.008266
     2560.100000       0.008191
     2560.200000       0.008099
     2560.300000       0.007984
     2560.400000       0.007843
     2560.500000       0.007674
     2560.600000       0.007474
     2560.700000       0.007242
     2560.800000       0.006977
     2560.900000       0.006681
     2561.000000       0.006356
     2561.100000       0.006004
     2561.200000       0.005629
     2561.300000       0.005237
     2561.400000       0.004832
     2561.500000       0.004421
     2561.600000       0.004011
     2561.700000       0.003579
     2561.800000       0.002869
     2561.900000       0.002158
     2562.000000       0.001448
     2562.100000       0.000000
