  10  ,noaa_18_hirs_10.flt
Number of data points:
439
Wavenumber (cm-1)   Filter response
      779.320000       0.000000
      779.420000       0.000218
      779.520000       0.000350
      779.620000       0.000382
      779.720000       0.000303
      779.820000       0.000160
      779.920000       0.000325
      780.020000       0.000726
      780.120000       0.001201
      780.220000       0.001695
      780.320000       0.002164
      780.420000       0.001869
      780.520000       0.001984
      780.620000       0.002097
      780.720000       0.002215
      780.820000       0.002344
      780.920000       0.002488
      781.020000       0.002630
      781.120000       0.002759
      781.220000       0.002873
      781.320000       0.002969
      781.420000       0.003050
      781.520000       0.003122
      781.620000       0.003189
      781.720000       0.003261
      781.820000       0.003344
      781.920000       0.003445
      782.020000       0.003566
      782.120000       0.003710
      782.220000       0.003873
      782.320000       0.004052
      782.420000       0.004240
      782.520000       0.004429
      782.620000       0.004613
      782.720000       0.004786
      782.820000       0.004948
      782.920000       0.005098
      783.020000       0.005241
      783.120000       0.005381
      783.220000       0.005527
      783.320000       0.005684
      783.420000       0.005858
      783.520000       0.006052
      783.620000       0.006265
      783.720000       0.006493
      783.820000       0.006730
      783.920000       0.006970
      784.020000       0.007204
      784.120000       0.007429
      784.220000       0.007639
      784.320000       0.007834
      784.420000       0.008019
      784.520000       0.008200
      784.620000       0.008389
      784.720000       0.008595
      784.820000       0.008829
      784.920000       0.009099
      785.020000       0.009408
      785.120000       0.009757
      785.220000       0.010142
      785.320000       0.010555
      785.420000       0.010987
      785.520000       0.011429
      785.620000       0.011874
      785.720000       0.012318
      785.820000       0.012762
      785.920000       0.013212
      786.020000       0.013679
      786.120000       0.014176
      786.220000       0.014721
      786.320000       0.015330
      786.420000       0.016016
      786.520000       0.016789
      786.620000       0.017652
      786.720000       0.018604
      786.820000       0.019636
      786.920000       0.020739
      787.020000       0.021899
      787.120000       0.023103
      787.220000       0.024342
      787.320000       0.025610
      787.420000       0.026905
      787.520000       0.028232
      787.620000       0.029601
      787.720000       0.031023
      787.820000       0.032512
      787.920000       0.034081
      788.020000       0.035742
      788.120000       0.037505
      788.220000       0.039371
      788.320000       0.041341
      788.420000       0.043413
      788.520000       0.045582
      788.620000       0.047846
      788.720000       0.050205
      788.820000       0.052663
      788.920000       0.055228
      789.020000       0.057912
      789.120000       0.060733
      789.220000       0.063714
      789.320000       0.063185
      789.420000       0.066676
      789.520000       0.070324
      789.620000       0.074109
      789.720000       0.078030
      789.820000       0.082100
      789.920000       0.086351
      790.020000       0.090822
      790.120000       0.095558
      790.220000       0.100610
      790.320000       0.106020
      790.420000       0.111820
      790.520000       0.118020
      790.620000       0.124650
      790.720000       0.131700
      790.820000       0.139170
      790.920000       0.147050
      791.020000       0.155360
      791.120000       0.164090
      791.220000       0.173270
      791.320000       0.182920
      791.420000       0.193070
      791.520000       0.203750
      791.620000       0.214990
      791.720000       0.226800
      791.820000       0.239200
      791.920000       0.252180
      792.020000       0.265740
      792.120000       0.279820
      792.220000       0.294450
      792.320000       0.309600
      792.420000       0.325260
      792.520000       0.341410
      792.620000       0.358050
      792.720000       0.375140
      792.820000       0.392690
      792.920000       0.410650
      793.020000       0.428990
      793.120000       0.447650
      793.220000       0.466550
      793.320000       0.485630
      793.420000       0.504780
      793.520000       0.523930
      793.620000       0.542980
      793.720000       0.561870
      793.820000       0.580560
      793.920000       0.599020
      794.020000       0.617250
      794.120000       0.635330
      794.220000       0.653200
      794.320000       0.670870
      794.420000       0.688370
      794.520000       0.705660
      794.620000       0.722720
      794.720000       0.739480
      794.820000       0.755850
      794.920000       0.771720
      795.020000       0.786970
      795.120000       0.801470
      795.220000       0.815150
      795.320000       0.827940
      795.420000       0.839810
      795.520000       0.850800
      795.620000       0.860950
      795.720000       0.870360
      795.820000       0.879140
      795.920000       0.887420
      796.020000       0.895300
      796.120000       0.902770
      796.220000       0.910000
      796.320000       0.917040
      796.420000       0.923860
      796.520000       0.930410
      796.620000       0.936640
      796.720000       0.942480
      796.820000       0.947840
      796.920000       0.952690
      797.020000       0.956990
      797.120000       0.960750
      797.220000       0.964020
      797.320000       0.966870
      797.420000       0.969410
      797.520000       0.971730
      797.620000       0.973930
      797.720000       0.976090
      797.820000       0.978250
      797.920000       0.980450
      798.020000       0.982690
      798.120000       0.985060
      798.220000       0.987360
      798.320000       0.989520
      798.420000       0.991470
      798.520000       0.993180
      798.620000       0.994610
      798.720000       0.995750
      798.820000       0.996620
      798.920000       0.997260
      799.020000       0.997730
      799.120000       0.998070
      799.220000       0.998360
      799.320000       0.998620
      799.420000       0.998890
      799.520000       0.999170
      799.620000       0.999460
      799.720000       0.999720
      799.820000       0.999910
      799.920000       1.000000
      800.020000       0.999930
      800.120000       0.999650
      800.220000       0.999150
      800.320000       0.998440
      800.420000       0.997520
      800.520000       0.996400
      800.620000       0.995120
      800.720000       0.993690
      800.820000       0.992160
      800.920000       0.990530
      801.020000       0.988850
      801.120000       0.987120
      801.220000       0.985350
      801.320000       0.983570
      801.420000       0.981760
      801.520000       0.979940
      801.620000       0.978110
      801.720000       0.976290
      801.820000       0.974490
      801.920000       0.972720
      802.020000       0.970990
      802.120000       0.969290
      802.220000       0.967660
      802.320000       0.966100
      802.420000       0.964600
      802.520000       0.963110
      802.620000       0.961680
      802.720000       0.960280
      802.820000       0.958930
      802.920000       0.957620
      803.020000       0.956360
      803.120000       0.955140
      803.220000       0.954000
      803.320000       0.952960
      803.420000       0.952050
      803.520000       0.951270
      803.620000       0.950670
      803.720000       0.950240
      803.820000       0.949990
      803.920000       0.949910
      804.020000       0.949970
      804.120000       0.950070
      804.220000       0.950240
      804.320000       0.950430
      804.420000       0.950540
      804.520000       0.950530
      804.620000       0.950310
      804.720000       0.949830
      804.820000       0.949000
      804.920000       0.947750
      805.020000       0.946020
      805.120000       0.943740
      805.220000       0.940860
      805.320000       0.937330
      805.420000       0.933100
      805.520000       0.928130
      805.620000       0.922380
      805.720000       0.915820
      805.820000       0.908430
      805.920000       0.900160
      806.020000       0.890980
      806.120000       0.880790
      806.220000       0.869650
      806.320000       0.857540
      806.420000       0.844460
      806.520000       0.830390
      806.620000       0.815330
      806.720000       0.799300
      806.820000       0.782330
      806.920000       0.764460
      807.020000       0.745750
      807.120000       0.726260
      807.220000       0.706090
      807.320000       0.685310
      807.420000       0.664020
      807.520000       0.642330
      807.620000       0.620330
      807.720000       0.598110
      807.820000       0.575780
      807.920000       0.553420
      808.020000       0.531130
      808.120000       0.509040
      808.220000       0.487160
      808.320000       0.465550
      808.420000       0.444290
      808.520000       0.423440
      808.620000       0.403060
      808.720000       0.383220
      808.820000       0.363950
      808.920000       0.345290
      809.020000       0.327270
      809.120000       0.309910
      809.220000       0.293200
      809.320000       0.277150
      809.420000       0.261740
      809.520000       0.246980
      809.620000       0.232850
      809.720000       0.219340
      809.820000       0.206450
      809.920000       0.194200
      810.020000       0.182590
      810.120000       0.171630
      810.220000       0.161330
      810.320000       0.151690
      810.420000       0.142710
      810.520000       0.134360
      810.620000       0.126620
      810.720000       0.119440
      810.820000       0.112760
      810.920000       0.106520
      811.020000       0.100650
      811.120000       0.095097
      811.220000       0.089804
      811.320000       0.084735
      811.420000       0.079866
      811.520000       0.075194
      811.620000       0.070726
      811.720000       0.066482
      811.820000       0.062488
      811.920000       0.058766
      812.020000       0.056487
      812.120000       0.054116
      812.220000       0.051756
      812.320000       0.049148
      812.420000       0.047559
      812.520000       0.044912
      812.620000       0.042424
      812.720000       0.040095
      812.820000       0.037922
      812.920000       0.035899
      813.020000       0.034019
      813.120000       0.032271
      813.220000       0.030641
      813.320000       0.029114
      813.420000       0.027676
      813.520000       0.026311
      813.620000       0.025009
      813.720000       0.023759
      813.820000       0.022557
      813.920000       0.021402
      814.020000       0.020294
      814.120000       0.019239
      814.220000       0.018244
      814.320000       0.017316
      814.420000       0.016458
      814.520000       0.015674
      814.620000       0.014964
      814.720000       0.014323
      814.820000       0.013745
      814.920000       0.013218
      815.020000       0.012732
      815.120000       0.012275
      815.220000       0.011834
      815.320000       0.011400
      815.420000       0.010968
      815.520000       0.010533
      815.620000       0.010096
      815.720000       0.009661
      815.820000       0.009236
      815.920000       0.008826
      816.020000       0.008442
      816.120000       0.008090
      816.220000       0.007776
      816.320000       0.007504
      816.420000       0.007272
      816.520000       0.007078
      816.620000       0.006916
      816.720000       0.006777
      816.820000       0.006651
      816.920000       0.006527
      817.020000       0.006398
      817.120000       0.006255
      817.220000       0.006094
      817.320000       0.005913
      817.420000       0.005712
      817.520000       0.005497
      817.620000       0.005272
      817.720000       0.005044
      817.820000       0.004821
      817.920000       0.004610
      818.020000       0.004415
      818.120000       0.004236
      818.220000       0.004069
      818.320000       0.003912
      818.420000       0.003762
      818.520000       0.003610
      818.620000       0.003453
      818.720000       0.003282
      818.820000       0.003096
      818.920000       0.002895
      819.020000       0.002682
      819.120000       0.002463
      819.220000       0.002248
      819.320000       0.002049
      819.420000       0.001877
      819.520000       0.001742
      819.620000       0.001652
      819.720000       0.001611
      819.820000       0.001620
      819.920000       0.001674
      820.020000       0.001765
      820.120000       0.001882
      820.220000       0.002013
      820.320000       0.002149
      820.420000       0.002275
      820.520000       0.002383
      820.620000       0.002465
      820.720000       0.002521
      820.820000       0.002550
      820.920000       0.002558
      821.020000       0.002549
      821.120000       0.002530
      821.220000       0.002506
      821.320000       0.002479
      821.420000       0.002451
      821.520000       0.002421
      821.620000       0.002386
      821.720000       0.002339
      821.820000       0.002277
      821.920000       0.002194
      822.020000       0.002090
      822.120000       0.002196
      822.220000       0.001959
      822.320000       0.001734
      822.420000       0.001516
      822.520000       0.001295
      822.620000       0.001061
      822.720000       0.000806
      822.820000       0.000532
      822.920000       0.000254
      823.020000       0.000034
      823.120000       0.000000
