  19  ,noaa_18_hirs_19.flt
Number of data points:
1128
Wavenumber (cm-1)   Filter response
     2549.600000       0.000000
     2549.800000       0.001257
     2550.000000       0.001213
     2550.200000       0.001179
     2550.400000       0.001156
     2550.600000       0.001142
     2550.800000       0.001137
     2551.000000       0.001140
     2551.200000       0.001151
     2551.400000       0.001167
     2551.600000       0.001188
     2551.800000       0.001214
     2552.000000       0.001243
     2552.200000       0.001275
     2552.400000       0.001309
     2552.600000       0.001344
     2552.800000       0.001408
     2553.000000       0.001424
     2553.200000       0.001442
     2553.400000       0.001462
     2553.600000       0.001483
     2553.800000       0.001505
     2554.000000       0.001528
     2554.200000       0.001553
     2554.400000       0.001578
     2554.600000       0.001604
     2554.800000       0.001631
     2555.000000       0.001659
     2555.200000       0.001689
     2555.400000       0.001720
     2555.600000       0.001753
     2555.800000       0.001788
     2556.000000       0.001826
     2556.200000       0.001866
     2556.400000       0.001909
     2556.600000       0.001955
     2556.800000       0.002005
     2557.000000       0.002059
     2557.200000       0.002117
     2557.400000       0.002179
     2557.600000       0.002247
     2557.800000       0.002319
     2558.000000       0.002396
     2558.200000       0.002479
     2558.400000       0.002567
     2558.600000       0.002660
     2558.800000       0.002759
     2559.000000       0.002862
     2559.200000       0.002970
     2559.400000       0.003082
     2559.600000       0.003198
     2559.800000       0.003317
     2560.000000       0.003439
     2560.200000       0.003564
     2560.400000       0.003690
     2560.600000       0.003817
     2560.800000       0.003945
     2561.000000       0.004072
     2561.200000       0.004198
     2561.400000       0.004322
     2561.600000       0.004443
     2561.800000       0.004562
     2562.000000       0.004676
     2562.200000       0.004784
     2562.400000       0.004887
     2562.600000       0.004982
     2562.800000       0.005071
     2563.000000       0.005155
     2563.200000       0.005231
     2563.400000       0.005301
     2563.600000       0.005365
     2563.800000       0.005422
     2564.000000       0.005473
     2564.200000       0.005519
     2564.400000       0.005559
     2564.600000       0.005594
     2564.800000       0.005624
     2565.000000       0.005651
     2565.200000       0.005674
     2565.400000       0.005694
     2565.600000       0.005713
     2565.800000       0.005731
     2566.000000       0.005749
     2566.200000       0.005768
     2566.400000       0.005787
     2566.600000       0.005810
     2566.800000       0.005835
     2567.000000       0.005865
     2567.200000       0.005900
     2567.400000       0.005940
     2567.600000       0.005986
     2567.800000       0.006037
     2568.000000       0.006095
     2568.200000       0.006159
     2568.400000       0.006230
     2568.600000       0.006308
     2568.800000       0.006392
     2569.000000       0.006483
     2569.200000       0.006579
     2569.400000       0.006682
     2569.600000       0.006790
     2569.800000       0.006904
     2570.000000       0.007022
     2570.200000       0.007145
     2570.400000       0.007272
     2570.600000       0.007402
     2570.800000       0.007536
     2571.000000       0.007672
     2571.200000       0.007810
     2571.400000       0.007952
     2571.600000       0.008094
     2571.800000       0.008238
     2572.000000       0.008383
     2572.200000       0.008530
     2572.400000       0.008677
     2572.600000       0.008825
     2572.800000       0.008973
     2573.000000       0.009122
     2573.200000       0.009271
     2573.400000       0.009422
     2573.600000       0.009574
     2573.800000       0.009729
     2574.000000       0.009884
     2574.200000       0.010044
     2574.400000       0.010206
     2574.600000       0.010371
     2574.800000       0.010540
     2575.000000       0.010711
     2575.200000       0.010887
     2575.400000       0.011066
     2575.600000       0.011250
     2575.800000       0.011437
     2576.000000       0.011629
     2576.200000       0.011824
     2576.400000       0.012023
     2576.600000       0.012227
     2576.800000       0.012437
     2577.000000       0.012651
     2577.200000       0.012871
     2577.400000       0.013095
     2577.600000       0.013324
     2577.800000       0.013557
     2578.000000       0.013795
     2578.200000       0.014038
     2578.400000       0.014284
     2578.600000       0.014535
     2578.800000       0.014788
     2579.000000       0.015045
     2579.200000       0.015305
     2579.400000       0.015569
     2579.600000       0.015835
     2579.800000       0.016104
     2580.000000       0.016376
     2580.200000       0.016652
     2580.400000       0.016931
     2580.600000       0.017214
     2580.800000       0.017501
     2581.000000       0.017792
     2581.200000       0.018088
     2581.400000       0.018390
     2581.600000       0.018697
     2581.800000       0.019011
     2582.000000       0.019331
     2582.200000       0.019658
     2582.400000       0.019991
     2582.600000       0.020332
     2582.800000       0.020683
     2583.000000       0.021043
     2583.200000       0.021414
     2583.400000       0.021796
     2583.600000       0.022189
     2583.800000       0.022594
     2584.000000       0.023012
     2584.200000       0.023442
     2584.400000       0.023885
     2584.600000       0.024337
     2584.800000       0.024801
     2585.000000       0.025279
     2585.200000       0.025768
     2585.400000       0.026270
     2585.600000       0.026785
     2585.800000       0.027313
     2586.000000       0.027853
     2586.200000       0.028396
     2586.400000       0.028951
     2586.600000       0.029518
     2586.800000       0.030104
     2587.000000       0.030701
     2587.200000       0.031310
     2587.400000       0.031931
     2587.600000       0.032563
     2587.800000       0.033207
     2588.000000       0.033862
     2588.200000       0.034528
     2588.400000       0.035205
     2588.600000       0.035893
     2588.800000       0.036593
     2589.000000       0.037302
     2589.200000       0.038022
     2589.400000       0.038753
     2589.600000       0.039496
     2589.800000       0.040252
     2590.000000       0.041020
     2590.200000       0.041825
     2590.400000       0.042645
     2590.600000       0.043479
     2590.800000       0.044326
     2591.000000       0.045189
     2591.200000       0.046069
     2591.400000       0.046964
     2591.600000       0.047875
     2591.800000       0.048801
     2592.000000       0.049743
     2592.200000       0.050687
     2592.400000       0.051644
     2592.600000       0.052618
     2592.800000       0.053607
     2593.000000       0.054613
     2593.200000       0.055634
     2593.400000       0.056675
     2593.600000       0.057732
     2593.800000       0.058807
     2594.000000       0.059897
     2594.200000       0.060993
     2594.400000       0.062107
     2594.600000       0.063239
     2594.800000       0.063747
     2595.000000       0.064897
     2595.200000       0.066069
     2595.400000       0.067254
     2595.600000       0.068446
     2595.800000       0.069653
     2596.000000       0.070878
     2596.200000       0.072135
     2596.400000       0.073412
     2596.600000       0.074712
     2596.800000       0.076035
     2597.000000       0.077384
     2597.200000       0.078761
     2597.400000       0.080168
     2597.600000       0.081607
     2597.800000       0.083073
     2598.000000       0.084576
     2598.200000       0.086123
     2598.400000       0.087711
     2598.600000       0.089341
     2598.800000       0.091014
     2599.000000       0.092720
     2599.200000       0.094459
     2599.400000       0.096269
     2599.600000       0.098127
     2599.800000       0.100030
     2600.000000       0.102010
     2600.200000       0.104070
     2600.400000       0.106170
     2600.600000       0.108330
     2600.800000       0.110550
     2601.000000       0.112810
     2601.200000       0.115130
     2601.400000       0.117500
     2601.600000       0.119920
     2601.800000       0.122390
     2602.000000       0.124920
     2602.200000       0.127480
     2602.400000       0.130090
     2602.600000       0.132760
     2602.800000       0.135480
     2603.000000       0.138250
     2603.200000       0.141080
     2603.400000       0.143970
     2603.600000       0.146910
     2603.800000       0.149920
     2604.000000       0.152990
     2604.200000       0.156110
     2604.400000       0.159290
     2604.600000       0.162530
     2604.800000       0.165850
     2605.000000       0.169240
     2605.200000       0.172680
     2605.400000       0.176190
     2605.600000       0.179790
     2605.800000       0.183460
     2606.000000       0.187220
     2606.200000       0.191100
     2606.400000       0.195080
     2606.600000       0.199180
     2606.800000       0.203380
     2607.000000       0.207660
     2607.200000       0.212040
     2607.400000       0.216510
     2607.600000       0.221070
     2607.800000       0.225720
     2608.000000       0.230460
     2608.200000       0.235220
     2608.400000       0.240070
     2608.600000       0.245010
     2608.800000       0.250060
     2609.000000       0.255180
     2609.200000       0.260390
     2609.400000       0.265680
     2609.600000       0.271040
     2609.800000       0.276480
     2610.000000       0.282000
     2610.200000       0.287510
     2610.400000       0.293090
     2610.600000       0.298730
     2610.800000       0.304440
     2611.000000       0.310090
     2611.200000       0.315790
     2611.400000       0.321560
     2611.600000       0.327380
     2611.800000       0.333260
     2612.000000       0.339200
     2612.200000       0.345210
     2612.400000       0.351280
     2612.600000       0.357400
     2612.800000       0.363590
     2613.000000       0.369840
     2613.200000       0.376200
     2613.400000       0.382630
     2613.600000       0.389120
     2613.800000       0.395670
     2614.000000       0.402310
     2614.200000       0.409120
     2614.400000       0.415990
     2614.600000       0.422930
     2614.800000       0.429930
     2615.000000       0.437000
     2615.200000       0.444200
     2615.400000       0.451440
     2615.600000       0.458750
     2615.800000       0.466110
     2616.000000       0.473550
     2616.200000       0.481070
     2616.400000       0.488660
     2616.600000       0.496310
     2616.800000       0.504020
     2617.000000       0.511770
     2617.200000       0.519560
     2617.400000       0.527400
     2617.600000       0.535260
     2617.800000       0.543160
     2618.000000       0.551080
     2618.200000       0.558930
     2618.400000       0.566800
     2618.600000       0.574670
     2618.800000       0.582550
     2619.000000       0.590440
     2619.200000       0.598310
     2619.400000       0.606170
     2619.600000       0.614020
     2619.800000       0.621930
     2620.000000       0.629810
     2620.200000       0.637710
     2620.400000       0.645570
     2620.600000       0.653400
     2620.800000       0.661180
     2621.000000       0.668920
     2621.200000       0.676610
     2621.400000       0.684240
     2621.600000       0.691820
     2621.800000       0.699320
     2622.000000       0.706710
     2622.200000       0.714040
     2622.400000       0.721280
     2622.600000       0.728440
     2622.800000       0.735520
     2623.000000       0.742510
     2623.200000       0.749420
     2623.400000       0.756230
     2623.600000       0.762940
     2623.800000       0.769550
     2624.000000       0.776070
     2624.200000       0.782630
     2624.400000       0.789090
     2624.600000       0.795450
     2624.800000       0.801710
     2625.000000       0.807860
     2625.200000       0.813910
     2625.400000       0.819850
     2625.600000       0.825690
     2625.800000       0.831420
     2626.000000       0.837060
     2626.200000       0.842820
     2626.400000       0.848350
     2626.600000       0.853780
     2626.800000       0.859100
     2627.000000       0.864310
     2627.200000       0.869430
     2627.400000       0.874440
     2627.600000       0.879330
     2627.800000       0.884130
     2628.000000       0.888790
     2628.200000       0.893210
     2628.400000       0.897520
     2628.600000       0.901970
     2628.800000       0.906320
     2629.000000       0.910560
     2629.200000       0.914690
     2629.400000       0.918720
     2629.600000       0.922640
     2629.800000       0.926450
     2630.000000       0.930140
     2630.200000       0.933520
     2630.400000       0.936780
     2630.600000       0.939940
     2630.800000       0.942680
     2631.000000       0.945310
     2631.200000       0.947830
     2631.400000       0.950250
     2631.600000       0.952560
     2631.800000       0.954770
     2632.000000       0.956880
     2632.200000       0.958920
     2632.400000       0.960870
     2632.600000       0.962720
     2632.800000       0.964470
     2633.000000       0.966100
     2633.200000       0.967630
     2633.400000       0.969080
     2633.600000       0.970450
     2633.800000       0.971740
     2634.000000       0.972950
     2634.200000       0.974270
     2634.400000       0.975530
     2634.600000       0.976730
     2634.800000       0.977870
     2635.000000       0.978940
     2635.200000       0.980180
     2635.400000       0.981370
     2635.600000       0.982500
     2635.800000       0.983590
     2636.000000       0.984640
     2636.200000       0.985440
     2636.400000       0.986140
     2636.600000       0.986810
     2636.800000       0.987430
     2637.000000       0.988050
     2637.200000       0.988650
     2637.400000       0.988690
     2637.600000       0.988700
     2637.800000       0.988670
     2638.000000       0.988610
     2638.200000       0.988460
     2638.400000       0.988290
     2638.600000       0.988080
     2638.800000       0.987840
     2639.000000       0.987580
     2639.200000       0.987290
     2639.400000       0.986980
     2639.600000       0.986560
     2639.800000       0.986120
     2640.000000       0.985650
     2640.200000       0.985270
     2640.400000       0.984850
     2640.600000       0.984420
     2640.800000       0.983960
     2641.000000       0.983490
     2641.200000       0.983000
     2641.400000       0.982490
     2641.600000       0.981980
     2641.800000       0.981890
     2642.000000       0.981790
     2642.200000       0.981620
     2642.400000       0.981450
     2642.600000       0.981270
     2642.800000       0.981100
     2643.000000       0.980930
     2643.200000       0.980760
     2643.400000       0.980600
     2643.600000       0.980450
     2643.800000       0.980310
     2644.000000       0.979960
     2644.200000       0.979610
     2644.400000       0.979260
     2644.600000       0.978950
     2644.800000       0.978650
     2645.000000       0.978380
     2645.200000       0.978190
     2645.400000       0.978020
     2645.600000       0.977860
     2645.800000       0.977710
     2646.000000       0.977570
     2646.200000       0.977950
     2646.400000       0.978330
     2646.600000       0.978720
     2646.800000       0.979110
     2647.000000       0.979520
     2647.200000       0.979930
     2647.400000       0.980350
     2647.600000       0.980770
     2647.800000       0.981190
     2648.000000       0.981610
     2648.200000       0.982210
     2648.400000       0.982800
     2648.600000       0.983390
     2648.800000       0.983980
     2649.000000       0.984560
     2649.200000       0.985150
     2649.400000       0.985740
     2649.600000       0.986330
     2649.800000       0.986930
     2650.000000       0.987510
     2650.200000       0.987800
     2650.400000       0.988090
     2650.600000       0.988060
     2650.800000       0.988030
     2651.000000       0.988010
     2651.200000       0.988010
     2651.400000       0.988010
     2651.600000       0.988030
     2651.800000       0.988060
     2652.000000       0.988100
     2652.200000       0.988420
     2652.400000       0.988810
     2652.600000       0.989200
     2652.800000       0.989560
     2653.000000       0.989940
     2653.200000       0.990320
     2653.400000       0.990710
     2653.600000       0.991110
     2653.800000       0.991510
     2654.000000       0.991920
     2654.200000       0.992480
     2654.400000       0.993040
     2654.600000       0.993610
     2654.800000       0.994170
     2655.000000       0.995020
     2655.200000       0.995870
     2655.400000       0.996710
     2655.600000       0.997530
     2655.800000       0.998350
     2656.000000       0.999070
     2656.200000       0.999300
     2656.400000       0.999510
     2656.600000       0.999690
     2656.800000       0.999860
     2657.000000       1.000000
     2657.200000       0.999990
     2657.400000       0.999950
     2657.600000       0.999880
     2657.800000       0.999790
     2658.000000       0.999670
     2658.200000       0.999690
     2658.400000       0.999700
     2658.600000       0.999680
     2658.800000       0.999620
     2659.000000       0.999540
     2659.200000       0.999440
     2659.400000       0.999100
     2659.600000       0.998730
     2659.800000       0.998340
     2660.000000       0.997930
     2660.200000       0.997560
     2660.400000       0.997160
     2660.600000       0.996760
     2660.800000       0.996330
     2661.000000       0.995900
     2661.200000       0.995440
     2661.400000       0.994970
     2661.600000       0.994920
     2661.800000       0.994850
     2662.000000       0.994760
     2662.200000       0.994450
     2662.400000       0.994130
     2662.600000       0.993800
     2662.800000       0.993460
     2663.000000       0.993100
     2663.200000       0.992730
     2663.400000       0.992350
     2663.600000       0.991950
     2663.800000       0.991380
     2664.000000       0.990810
     2664.200000       0.990360
     2664.400000       0.989900
     2664.600000       0.989420
     2664.800000       0.988920
     2665.000000       0.988400
     2665.200000       0.987890
     2665.400000       0.987350
     2665.600000       0.986800
     2665.800000       0.986220
     2666.000000       0.985640
     2666.200000       0.985140
     2666.400000       0.984630
     2666.600000       0.984090
     2666.800000       0.983530
     2667.000000       0.982930
     2667.200000       0.982310
     2667.400000       0.981660
     2667.600000       0.980990
     2667.800000       0.980290
     2668.000000       0.979570
     2668.200000       0.978640
     2668.400000       0.977690
     2668.600000       0.976710
     2668.800000       0.975710
     2669.000000       0.974690
     2669.200000       0.973660
     2669.400000       0.972620
     2669.600000       0.971560
     2669.800000       0.970480
     2670.000000       0.969390
     2670.200000       0.968290
     2670.400000       0.967440
     2670.600000       0.966570
     2670.800000       0.965690
     2671.000000       0.964800
     2671.200000       0.963890
     2671.400000       0.962970
     2671.600000       0.962030
     2671.800000       0.961080
     2672.000000       0.960110
     2672.200000       0.959020
     2672.400000       0.957900
     2672.600000       0.956670
     2672.800000       0.955420
     2673.000000       0.954160
     2673.200000       0.952880
     2673.400000       0.951590
     2673.600000       0.950280
     2673.800000       0.948950
     2674.000000       0.947600
     2674.200000       0.946430
     2674.400000       0.945240
     2674.600000       0.944030
     2674.800000       0.942590
     2675.000000       0.941130
     2675.200000       0.939620
     2675.400000       0.938100
     2675.600000       0.936560
     2675.800000       0.935000
     2676.000000       0.933430
     2676.200000       0.931910
     2676.400000       0.930380
     2676.600000       0.928840
     2676.800000       0.927300
     2677.000000       0.925890
     2677.200000       0.924470
     2677.400000       0.923040
     2677.600000       0.921620
     2677.800000       0.920210
     2678.000000       0.918800
     2678.200000       0.917380
     2678.400000       0.915960
     2678.600000       0.914570
     2678.800000       0.913180
     2679.000000       0.911820
     2679.200000       0.910310
     2679.400000       0.908810
     2679.600000       0.907340
     2679.800000       0.905890
     2680.000000       0.904470
     2680.200000       0.902920
     2680.400000       0.901380
     2680.600000       0.899870
     2680.800000       0.898370
     2681.000000       0.896910
     2681.200000       0.895460
     2681.400000       0.894470
     2681.600000       0.893500
     2681.800000       0.892540
     2682.000000       0.891610
     2682.200000       0.890640
     2682.400000       0.889690
     2682.600000       0.888760
     2682.800000       0.887830
     2683.000000       0.886910
     2683.200000       0.886010
     2683.400000       0.885110
     2683.600000       0.884020
     2683.800000       0.882930
     2684.000000       0.881860
     2684.200000       0.880830
     2684.400000       0.879820
     2684.600000       0.878810
     2684.800000       0.877800
     2685.000000       0.876810
     2685.200000       0.875850
     2685.400000       0.874900
     2685.600000       0.873960
     2685.800000       0.872820
     2686.000000       0.871690
     2686.200000       0.870440
     2686.400000       0.869210
     2686.600000       0.867990
     2686.800000       0.866790
     2687.000000       0.865620
     2687.200000       0.864480
     2687.400000       0.863360
     2687.600000       0.862270
     2687.800000       0.861210
     2688.000000       0.860360
     2688.200000       0.859690
     2688.400000       0.859060
     2688.600000       0.858430
     2688.800000       0.857830
     2689.000000       0.857270
     2689.200000       0.856720
     2689.400000       0.856210
     2689.600000       0.855730
     2689.800000       0.855270
     2690.000000       0.854850
     2690.200000       0.854230
     2690.400000       0.853650
     2690.600000       0.853090
     2690.800000       0.852560
     2691.000000       0.852060
     2691.200000       0.851580
     2691.400000       0.851130
     2691.600000       0.850700
     2691.800000       0.850300
     2692.000000       0.849920
     2692.200000       0.849550
     2692.400000       0.849310
     2692.600000       0.849090
     2692.800000       0.848890
     2693.000000       0.848720
     2693.200000       0.848570
     2693.400000       0.848450
     2693.600000       0.848350
     2693.800000       0.848280
     2694.000000       0.848260
     2694.200000       0.848490
     2694.400000       0.848750
     2694.600000       0.849150
     2694.800000       0.849570
     2695.000000       0.850020
     2695.200000       0.850480
     2695.400000       0.850960
     2695.600000       0.851460
     2695.800000       0.851980
     2696.000000       0.852530
     2696.200000       0.853100
     2696.400000       0.853690
     2696.600000       0.854290
     2696.800000       0.854890
     2697.000000       0.855510
     2697.200000       0.856140
     2697.400000       0.856780
     2697.600000       0.857420
     2697.800000       0.858070
     2698.000000       0.858720
     2698.200000       0.859160
     2698.400000       0.859540
     2698.600000       0.859920
     2698.800000       0.860300
     2699.000000       0.860470
     2699.200000       0.860630
     2699.400000       0.860780
     2699.600000       0.860920
     2699.800000       0.861040
     2700.000000       0.861150
     2700.200000       0.861330
     2700.400000       0.861480
     2700.600000       0.861610
     2700.800000       0.861710
     2701.000000       0.861790
     2701.200000       0.861900
     2701.400000       0.861990
     2701.600000       0.862030
     2701.800000       0.862030
     2702.000000       0.861990
     2702.200000       0.861870
     2702.400000       0.861700
     2702.600000       0.861480
     2702.800000       0.861190
     2703.000000       0.860850
     2703.200000       0.860430
     2703.400000       0.859960
     2703.600000       0.859420
     2703.800000       0.858800
     2704.000000       0.858090
     2704.200000       0.857360
     2704.400000       0.856550
     2704.600000       0.855650
     2704.800000       0.854640
     2705.000000       0.853520
     2705.200000       0.852300
     2705.400000       0.850960
     2705.600000       0.849520
     2705.800000       0.847960
     2706.000000       0.846270
     2706.200000       0.844450
     2706.400000       0.842490
     2706.600000       0.840410
     2706.800000       0.838190
     2707.000000       0.835850
     2707.200000       0.833380
     2707.400000       0.830780
     2707.600000       0.828040
     2707.800000       0.825150
     2708.000000       0.822090
     2708.200000       0.818790
     2708.400000       0.815320
     2708.600000       0.811690
     2708.800000       0.807930
     2709.000000       0.804030
     2709.200000       0.799990
     2709.400000       0.795810
     2709.600000       0.791490
     2709.800000       0.787040
     2710.000000       0.782650
     2710.200000       0.778210
     2710.400000       0.773660
     2710.600000       0.768970
     2710.800000       0.764140
     2711.000000       0.759170
     2711.200000       0.754060
     2711.400000       0.748810
     2711.600000       0.743420
     2711.800000       0.737900
     2712.000000       0.732240
     2712.200000       0.726100
     2712.400000       0.719830
     2712.600000       0.713430
     2712.800000       0.706900
     2713.000000       0.700250
     2713.200000       0.693490
     2713.400000       0.686600
     2713.600000       0.679610
     2713.800000       0.672500
     2714.000000       0.665280
     2714.200000       0.658140
     2714.400000       0.650780
     2714.600000       0.643330
     2714.800000       0.635790
     2715.000000       0.628160
     2715.200000       0.620460
     2715.400000       0.612690
     2715.600000       0.604850
     2715.800000       0.596950
     2716.000000       0.589010
     2716.200000       0.581060
     2716.400000       0.573070
     2716.600000       0.564980
     2716.800000       0.556860
     2717.000000       0.548730
     2717.200000       0.540580
     2717.400000       0.532430
     2717.600000       0.524260
     2717.800000       0.516090
     2718.000000       0.507920
     2718.200000       0.499670
     2718.400000       0.491440
     2718.600000       0.483240
     2718.800000       0.475150
     2719.000000       0.467100
     2719.200000       0.459090
     2719.400000       0.451120
     2719.600000       0.443190
     2719.800000       0.435310
     2720.000000       0.427480
     2720.200000       0.419770
     2720.400000       0.412110
     2720.600000       0.404510
     2720.800000       0.396970
     2721.000000       0.389490
     2721.200000       0.382070
     2721.400000       0.374720
     2721.600000       0.367440
     2721.800000       0.360230
     2722.000000       0.353110
     2722.200000       0.346140
     2722.400000       0.339250
     2722.600000       0.332430
     2722.800000       0.325700
     2723.000000       0.319050
     2723.200000       0.312510
     2723.400000       0.306060
     2723.600000       0.299700
     2723.800000       0.293440
     2724.000000       0.287270
     2724.200000       0.281150
     2724.400000       0.275130
     2724.600000       0.269220
     2724.800000       0.263410
     2725.000000       0.257700
     2725.200000       0.252110
     2725.400000       0.246660
     2725.600000       0.241310
     2725.800000       0.236070
     2726.000000       0.230930
     2726.200000       0.225870
     2726.400000       0.220900
     2726.600000       0.216050
     2726.800000       0.211290
     2727.000000       0.206630
     2727.200000       0.202060
     2727.400000       0.197590
     2727.600000       0.193190
     2727.800000       0.188890
     2728.000000       0.184670
     2728.200000       0.180600
     2728.400000       0.176610
     2728.600000       0.172700
     2728.800000       0.168870
     2729.000000       0.165120
     2729.200000       0.161440
     2729.400000       0.157850
     2729.600000       0.154330
     2729.800000       0.150880
     2730.000000       0.147500
     2730.200000       0.144170
     2730.400000       0.140910
     2730.600000       0.137730
     2730.800000       0.134610
     2731.000000       0.131570
     2731.200000       0.128600
     2731.400000       0.125700
     2731.600000       0.122870
     2731.800000       0.120120
     2732.000000       0.117400
     2732.200000       0.114720
     2732.400000       0.112110
     2732.600000       0.109560
     2732.800000       0.107080
     2733.000000       0.104670
     2733.200000       0.102320
     2733.400000       0.100030
     2733.600000       0.097795
     2733.800000       0.095617
     2734.000000       0.093492
     2734.200000       0.091439
     2734.400000       0.089433
     2734.600000       0.087469
     2734.800000       0.085545
     2735.000000       0.083658
     2735.200000       0.081810
     2735.400000       0.079992
     2735.600000       0.078205
     2735.800000       0.076445
     2736.000000       0.074713
     2736.200000       0.073027
     2736.400000       0.071378
     2736.600000       0.069751
     2736.800000       0.068146
     2737.000000       0.066562
     2737.200000       0.065001
     2737.400000       0.063463
     2737.600000       0.061950
     2737.800000       0.060463
     2738.000000       0.059005
     2738.200000       0.058954
     2738.400000       0.057622
     2738.600000       0.056306
     2738.800000       0.055027
     2739.000000       0.053786
     2739.200000       0.052583
     2739.400000       0.051419
     2739.600000       0.050292
     2739.800000       0.049202
     2740.000000       0.048151
     2740.200000       0.047137
     2740.400000       0.046160
     2740.600000       0.045218
     2740.800000       0.044302
     2741.000000       0.043420
     2741.200000       0.042570
     2741.400000       0.041749
     2741.600000       0.040957
     2741.800000       0.040191
     2742.000000       0.039449
     2742.200000       0.038728
     2742.400000       0.038026
     2742.600000       0.037343
     2742.800000       0.036675
     2743.000000       0.036028
     2743.200000       0.035392
     2743.400000       0.034767
     2743.600000       0.034148
     2743.800000       0.033536
     2744.000000       0.032927
     2744.200000       0.032318
     2744.400000       0.031710
     2744.600000       0.031103
     2744.800000       0.030497
     2745.000000       0.029890
     2745.200000       0.029287
     2745.400000       0.028684
     2745.600000       0.028081
     2745.800000       0.027477
     2746.000000       0.026875
     2746.200000       0.026281
     2746.400000       0.025689
     2746.600000       0.025101
     2746.800000       0.024517
     2747.000000       0.023939
     2747.200000       0.023369
     2747.400000       0.022807
     2747.600000       0.022255
     2747.800000       0.021715
     2748.000000       0.021189
     2748.200000       0.020676
     2748.400000       0.020178
     2748.600000       0.019698
     2748.800000       0.019235
     2749.000000       0.018791
     2749.200000       0.018366
     2749.400000       0.017960
     2749.600000       0.017569
     2749.800000       0.017198
     2750.000000       0.016846
     2750.200000       0.016514
     2750.400000       0.016199
     2750.600000       0.015900
     2750.800000       0.015617
     2751.000000       0.015347
     2751.200000       0.015090
     2751.400000       0.014845
     2751.600000       0.014609
     2751.800000       0.014382
     2752.000000       0.014162
     2752.200000       0.013949
     2752.400000       0.013739
     2752.600000       0.013532
     2752.800000       0.013326
     2753.000000       0.013120
     2753.200000       0.012912
     2753.400000       0.012703
     2753.600000       0.012490
     2753.800000       0.012275
     2754.000000       0.012058
     2754.200000       0.011835
     2754.400000       0.011608
     2754.600000       0.011379
     2754.800000       0.011146
     2755.000000       0.010910
     2755.200000       0.010672
     2755.400000       0.010433
     2755.600000       0.010193
     2755.800000       0.009954
     2756.000000       0.009716
     2756.200000       0.009478
     2756.400000       0.009244
     2756.600000       0.009013
     2756.800000       0.008788
     2757.000000       0.008569
     2757.200000       0.008356
     2757.400000       0.008150
     2757.600000       0.007952
     2757.800000       0.007762
     2758.000000       0.007581
     2758.200000       0.007408
     2758.400000       0.007244
     2758.600000       0.007088
     2758.800000       0.006940
     2759.000000       0.006801
     2759.200000       0.006668
     2759.400000       0.006543
     2759.600000       0.006425
     2759.800000       0.006312
     2760.000000       0.006204
     2760.200000       0.006101
     2760.400000       0.006000
     2760.600000       0.005905
     2760.800000       0.005812
     2761.000000       0.005721
     2761.200000       0.005631
     2761.400000       0.005542
     2761.600000       0.005453
     2761.800000       0.005365
     2762.000000       0.005276
     2762.200000       0.005187
     2762.400000       0.005098
     2762.600000       0.005008
     2762.800000       0.004919
     2763.000000       0.004829
     2763.200000       0.004740
     2763.400000       0.004651
     2763.600000       0.004562
     2763.800000       0.004474
     2764.000000       0.004387
     2764.200000       0.004302
     2764.400000       0.004220
     2764.600000       0.004139
     2764.800000       0.004062
     2765.000000       0.003988
     2765.200000       0.003917
     2765.400000       0.003851
     2765.600000       0.003788
     2765.800000       0.003730
     2766.000000       0.003676
     2766.200000       0.003625
     2766.400000       0.003579
     2766.600000       0.003537
     2766.800000       0.003498
     2767.000000       0.003463
     2767.200000       0.003430
     2767.400000       0.003399
     2767.600000       0.003370
     2767.800000       0.003343
     2768.000000       0.003317
     2768.200000       0.003292
     2768.400000       0.003267
     2768.600000       0.003241
     2768.800000       0.003214
     2769.000000       0.003186
     2769.200000       0.003155
     2769.400000       0.003121
     2769.600000       0.003085
     2769.800000       0.003045
     2770.000000       0.003002
     2770.200000       0.002956
     2770.400000       0.002905
     2770.600000       0.002851
     2770.800000       0.002793
     2771.000000       0.002732
     2771.200000       0.002667
     2771.400000       0.002599
     2771.600000       0.002529
     2771.800000       0.002457
     2772.000000       0.002474
     2772.200000       0.002359
     2772.400000       0.002242
     2772.600000       0.002125
     2772.800000       0.002009
     2773.000000       0.001896
     2773.200000       0.001785
     2773.400000       0.001679
     2773.600000       0.001578
     2773.800000       0.001483
     2774.000000       0.001394
     2774.200000       0.001313
     2774.400000       0.001240
     2774.600000       0.001175
     2774.800000       0.001119
     2775.000000       0.000000
