   7  ,noaa_18_hirs_07.flt
Number of data points:
66
Wavenumber (cm-1)   Filter response
      728.030000       0.000000
      729.480000       0.001599
      730.230000       0.003550
      731.180000       0.006723
      732.220000       0.012188
      733.310000       0.020714
      733.850000       0.032477
      734.680000       0.047713
      735.800000       0.068088
      736.540000       0.097905
      737.020000       0.143630
      738.100000       0.212660
      739.380000       0.308500
      740.160000       0.426360
      740.830000       0.555030
      741.860000       0.680340
      742.920000       0.787250
      743.720000       0.864960
      744.060000       0.911620
      744.320000       0.935460
      744.730000       0.948030
      744.950000       0.956570
      745.290000       0.967220
      745.710000       0.979330
      746.170000       0.989340
      746.550000       0.993780
      747.170000       0.994510
      747.890000       0.992880
      748.520000       0.991940
      749.000000       0.992520
      749.540000       0.995640
      749.710000       0.996210
      750.530000       0.999610
      751.390000       1.000000
      752.170000       0.996710
      752.730000       0.990000
      753.360000       0.983010
      754.010000       0.974820
      754.710000       0.963700
      755.380000       0.945430
      755.750000       0.915250
      756.420000       0.875600
      756.990000       0.825660
      757.630000       0.770030
      758.080000       0.711430
      758.530000       0.653680
      758.990000       0.596960
      759.280000       0.539940
      759.630000       0.482880
      760.050000       0.425650
      760.580000       0.369810
      760.940000       0.317160
      761.450000       0.270950
      761.760000       0.231540
      762.180000       0.198530
      762.680000       0.169430
      763.190000       0.141710
      763.650000       0.114100
      764.310000       0.087272
      765.140000       0.062770
      765.970000       0.042096
      767.060000       0.026168
      768.330000       0.014725
      769.700000       0.006785
      771.040000       0.001488
      772.320000       0.000000
