  13  ,noaa_18_hirs_13.flt
Number of data points:
575
Wavenumber (cm-1)   Filter response
     2161.700000       0.000000
     2161.800000       0.000214
     2161.900000       0.000478
     2162.000000       0.000798
     2162.100000       0.001066
     2162.200000       0.001252
     2162.300000       0.001334
     2162.400000       0.001299
     2162.500000       0.001142
     2162.600000       0.000868
     2162.700000       0.000494
     2162.800000       0.001767
     2162.900000       0.001953
     2163.000000       0.002121
     2163.100000       0.002266
     2163.200000       0.002388
     2163.300000       0.002491
     2163.400000       0.002580
     2163.500000       0.002663
     2163.600000       0.002748
     2163.700000       0.002843
     2163.800000       0.002956
     2163.900000       0.003089
     2164.000000       0.003211
     2164.100000       0.003316
     2164.200000       0.003409
     2164.300000       0.003492
     2164.400000       0.003570
     2164.500000       0.003646
     2164.600000       0.003728
     2164.700000       0.003819
     2164.800000       0.003924
     2164.900000       0.004047
     2165.000000       0.004192
     2165.100000       0.004360
     2165.200000       0.004554
     2165.300000       0.004771
     2165.400000       0.005012
     2165.500000       0.005275
     2165.600000       0.005555
     2165.700000       0.005851
     2165.800000       0.006157
     2165.900000       0.006469
     2166.000000       0.006783
     2166.100000       0.007095
     2166.200000       0.007400
     2166.300000       0.007697
     2166.400000       0.007983
     2166.500000       0.008256
     2166.600000       0.008516
     2166.700000       0.008763
     2166.800000       0.008998
     2166.900000       0.009222
     2167.000000       0.009438
     2167.100000       0.009648
     2167.200000       0.009855
     2167.300000       0.010063
     2167.400000       0.010274
     2167.500000       0.010492
     2167.600000       0.010721
     2167.700000       0.010963
     2167.800000       0.011222
     2167.900000       0.011501
     2168.000000       0.011803
     2168.100000       0.012129
     2168.200000       0.012482
     2168.300000       0.012863
     2168.400000       0.013274
     2168.500000       0.013716
     2168.600000       0.014189
     2168.700000       0.014693
     2168.800000       0.015227
     2168.900000       0.015790
     2169.000000       0.016382
     2169.100000       0.017000
     2169.200000       0.017643
     2169.300000       0.018308
     2169.400000       0.018994
     2169.500000       0.019700
     2169.600000       0.020423
     2169.700000       0.021164
     2169.800000       0.021923
     2169.900000       0.022698
     2170.000000       0.023492
     2170.100000       0.024307
     2170.200000       0.025145
     2170.300000       0.026008
     2170.400000       0.026900
     2170.500000       0.027826
     2170.600000       0.028789
     2170.700000       0.029794
     2170.800000       0.030845
     2170.900000       0.031948
     2171.000000       0.033106
     2171.100000       0.034321
     2171.200000       0.035599
     2171.300000       0.036943
     2171.400000       0.036582
     2171.500000       0.038037
     2171.600000       0.039606
     2171.700000       0.041286
     2171.800000       0.043071
     2171.900000       0.044955
     2172.000000       0.046927
     2172.100000       0.048980
     2172.200000       0.051102
     2172.300000       0.053289
     2172.400000       0.055535
     2172.500000       0.057839
     2172.600000       0.060203
     2172.700000       0.062633
     2172.800000       0.065139
     2172.900000       0.067732
     2173.000000       0.070427
     2173.100000       0.073247
     2173.200000       0.076201
     2173.300000       0.079305
     2173.400000       0.082572
     2173.500000       0.086014
     2173.600000       0.089639
     2173.700000       0.093451
     2173.800000       0.097453
     2173.900000       0.101640
     2174.000000       0.106020
     2174.100000       0.110570
     2174.200000       0.115300
     2174.300000       0.120200
     2174.400000       0.125270
     2174.500000       0.130500
     2174.600000       0.135900
     2174.700000       0.141480
     2174.800000       0.147230
     2174.900000       0.153160
     2175.000000       0.159270
     2175.100000       0.165590
     2175.200000       0.172100
     2175.300000       0.178800
     2175.400000       0.185720
     2175.500000       0.192850
     2175.600000       0.200180
     2175.700000       0.207700
     2175.800000       0.215420
     2175.900000       0.223320
     2176.000000       0.231400
     2176.100000       0.239650
     2176.200000       0.248070
     2176.300000       0.256640
     2176.400000       0.265360
     2176.500000       0.274230
     2176.600000       0.283270
     2176.700000       0.292460
     2176.800000       0.301820
     2176.900000       0.311350
     2177.000000       0.321070
     2177.100000       0.330970
     2177.200000       0.341060
     2177.300000       0.351340
     2177.400000       0.361790
     2177.500000       0.372400
     2177.600000       0.383150
     2177.700000       0.394030
     2177.800000       0.405010
     2177.900000       0.416060
     2178.000000       0.427170
     2178.100000       0.438330
     2178.200000       0.449480
     2178.300000       0.460570
     2178.400000       0.471590
     2178.500000       0.482520
     2178.600000       0.493320
     2178.700000       0.504000
     2178.800000       0.514530
     2178.900000       0.524930
     2179.000000       0.535180
     2179.100000       0.545280
     2179.200000       0.555250
     2179.300000       0.565090
     2179.400000       0.574800
     2179.500000       0.584380
     2179.600000       0.593860
     2179.700000       0.603190
     2179.800000       0.612420
     2179.900000       0.621530
     2180.000000       0.630530
     2180.100000       0.639380
     2180.200000       0.648120
     2180.300000       0.656740
     2180.400000       0.665240
     2180.500000       0.673610
     2180.600000       0.681850
     2180.700000       0.689950
     2180.800000       0.697910
     2180.900000       0.705710
     2181.000000       0.713350
     2181.100000       0.720810
     2181.200000       0.728090
     2181.300000       0.735170
     2181.400000       0.742050
     2181.500000       0.748700
     2181.600000       0.755140
     2181.700000       0.761350
     2181.800000       0.767330
     2181.900000       0.773120
     2182.000000       0.778690
     2182.100000       0.784060
     2182.200000       0.789230
     2182.300000       0.794210
     2182.400000       0.799010
     2182.500000       0.803660
     2182.600000       0.808170
     2182.700000       0.812560
     2182.800000       0.816850
     2182.900000       0.821030
     2183.000000       0.825120
     2183.100000       0.829130
     2183.200000       0.833050
     2183.300000       0.836890
     2183.400000       0.840620
     2183.500000       0.844260
     2183.600000       0.847790
     2183.700000       0.851200
     2183.800000       0.854500
     2183.900000       0.857670
     2184.000000       0.860730
     2184.100000       0.863690
     2184.200000       0.866530
     2184.300000       0.869300
     2184.400000       0.871990
     2184.500000       0.874620
     2184.600000       0.877210
     2184.700000       0.879780
     2184.800000       0.882340
     2184.900000       0.884890
     2185.000000       0.887450
     2185.100000       0.889970
     2185.200000       0.892480
     2185.300000       0.894990
     2185.400000       0.897480
     2185.500000       0.899950
     2185.600000       0.902390
     2185.700000       0.904780
     2185.800000       0.907110
     2185.900000       0.909400
     2186.000000       0.911640
     2186.100000       0.913810
     2186.200000       0.915960
     2186.300000       0.918120
     2186.400000       0.920310
     2186.500000       0.922540
     2186.600000       0.924830
     2186.700000       0.927190
     2186.800000       0.929640
     2186.900000       0.932190
     2187.000000       0.934840
     2187.100000       0.937600
     2187.200000       0.940440
     2187.300000       0.943350
     2187.400000       0.946300
     2187.500000       0.949270
     2187.600000       0.952220
     2187.700000       0.955120
     2187.800000       0.957950
     2187.900000       0.960670
     2188.000000       0.963290
     2188.100000       0.965900
     2188.200000       0.968370
     2188.300000       0.970700
     2188.400000       0.972890
     2188.500000       0.974980
     2188.600000       0.976960
     2188.700000       0.978850
     2188.800000       0.980660
     2188.900000       0.982410
     2189.000000       0.984110
     2189.100000       0.985790
     2189.200000       0.987430
     2189.300000       0.989040
     2189.400000       0.990610
     2189.500000       0.992130
     2189.600000       0.993590
     2189.700000       0.994960
     2189.800000       0.996240
     2189.900000       0.997390
     2190.000000       0.998400
     2190.100000       0.999060
     2190.200000       0.999550
     2190.300000       0.999860
     2190.400000       1.000000
     2190.500000       0.999970
     2190.600000       0.999760
     2190.700000       0.999400
     2190.800000       0.998900
     2190.900000       0.998260
     2191.000000       0.997510
     2191.100000       0.996660
     2191.200000       0.995710
     2191.300000       0.994690
     2191.400000       0.993600
     2191.500000       0.992430
     2191.600000       0.991200
     2191.700000       0.989900
     2191.800000       0.988520
     2191.900000       0.987050
     2192.000000       0.985490
     2192.100000       0.983730
     2192.200000       0.981840
     2192.300000       0.979740
     2192.400000       0.977470
     2192.500000       0.975060
     2192.600000       0.972510
     2192.700000       0.969800
     2192.800000       0.966950
     2192.900000       0.963920
     2193.000000       0.960740
     2193.100000       0.957430
     2193.200000       0.953980
     2193.300000       0.950410
     2193.400000       0.946730
     2193.500000       0.942930
     2193.600000       0.939020
     2193.700000       0.935010
     2193.800000       0.930880
     2193.900000       0.926640
     2194.000000       0.922300
     2194.100000       0.918010
     2194.200000       0.913580
     2194.300000       0.909000
     2194.400000       0.904240
     2194.500000       0.899310
     2194.600000       0.894190
     2194.700000       0.888870
     2194.800000       0.883360
     2194.900000       0.877650
     2195.000000       0.871750
     2195.100000       0.865740
     2195.200000       0.859570
     2195.300000       0.853240
     2195.400000       0.846780
     2195.500000       0.840190
     2195.600000       0.833500
     2195.700000       0.826720
     2195.800000       0.819850
     2195.900000       0.812900
     2196.000000       0.805880
     2196.100000       0.798710
     2196.200000       0.791430
     2196.300000       0.784040
     2196.400000       0.776510
     2196.500000       0.768830
     2196.600000       0.760980
     2196.700000       0.752940
     2196.800000       0.744700
     2196.900000       0.736250
     2197.000000       0.727590
     2197.100000       0.718730
     2197.200000       0.709700
     2197.300000       0.700440
     2197.400000       0.691050
     2197.500000       0.681550
     2197.600000       0.672000
     2197.700000       0.662410
     2197.800000       0.652810
     2197.900000       0.643230
     2198.000000       0.633680
     2198.100000       0.624130
     2198.200000       0.614630
     2198.300000       0.605150
     2198.400000       0.595690
     2198.500000       0.586230
     2198.600000       0.576730
     2198.700000       0.567170
     2198.800000       0.557530
     2198.900000       0.547780
     2199.000000       0.537930
     2199.100000       0.527950
     2199.200000       0.517860
     2199.300000       0.507680
     2199.400000       0.497420
     2199.500000       0.487190
     2199.600000       0.476950
     2199.700000       0.466730
     2199.800000       0.456570
     2199.900000       0.446500
     2200.000000       0.436550
     2200.100000       0.426820
     2200.200000       0.417220
     2200.300000       0.407750
     2200.400000       0.398410
     2200.500000       0.389170
     2200.600000       0.380010
     2200.700000       0.370900
     2200.800000       0.361830
     2200.900000       0.352750
     2201.000000       0.343670
     2201.100000       0.334550
     2201.200000       0.325420
     2201.300000       0.316260
     2201.400000       0.307110
     2201.500000       0.297990
     2201.600000       0.288930
     2201.700000       0.279940
     2201.800000       0.271090
     2201.900000       0.262430
     2202.000000       0.253980
     2202.100000       0.245800
     2202.200000       0.237890
     2202.300000       0.230240
     2202.400000       0.222870
     2202.500000       0.215770
     2202.600000       0.208910
     2202.700000       0.202290
     2202.800000       0.195880
     2202.900000       0.189660
     2203.000000       0.183610
     2203.100000       0.177710
     2203.200000       0.171940
     2203.300000       0.166300
     2203.400000       0.160780
     2203.500000       0.155390
     2203.600000       0.150130
     2203.700000       0.145000
     2203.800000       0.140010
     2203.900000       0.135160
     2204.000000       0.130460
     2204.100000       0.125900
     2204.200000       0.121490
     2204.300000       0.117190
     2204.400000       0.113000
     2204.500000       0.108910
     2204.600000       0.104920
     2204.700000       0.101000
     2204.800000       0.097149
     2204.900000       0.093359
     2205.000000       0.089633
     2205.100000       0.085981
     2205.200000       0.082415
     2205.300000       0.078957
     2205.400000       0.075629
     2205.500000       0.072457
     2205.600000       0.069464
     2205.700000       0.066672
     2205.800000       0.064096
     2205.900000       0.061743
     2206.000000       0.059610
     2206.100000       0.057681
     2206.200000       0.055939
     2206.300000       0.054352
     2206.400000       0.052884
     2206.500000       0.051492
     2206.600000       0.050135
     2206.700000       0.048772
     2206.800000       0.047370
     2206.900000       0.045901
     2207.000000       0.044350
     2207.100000       0.042710
     2207.200000       0.040988
     2207.300000       0.039200
     2207.400000       0.037491
     2207.500000       0.036042
     2207.600000       0.034626
     2207.700000       0.033243
     2207.800000       0.031894
     2207.900000       0.030580
     2208.000000       0.029303
     2208.100000       0.028065
     2208.200000       0.026870
     2208.300000       0.025717
     2208.400000       0.024614
     2208.500000       0.023561
     2208.600000       0.022563
     2208.700000       0.021620
     2208.800000       0.020736
     2208.900000       0.019911
     2209.000000       0.019145
     2209.100000       0.018436
     2209.200000       0.017785
     2209.300000       0.017188
     2209.400000       0.016642
     2209.500000       0.016143
     2209.600000       0.015688
     2209.700000       0.015272
     2209.800000       0.014891
     2209.900000       0.014541
     2210.000000       0.014217
     2210.100000       0.013915
     2210.200000       0.013632
     2210.300000       0.013364
     2210.400000       0.013107
     2210.500000       0.012860
     2210.600000       0.012618
     2210.700000       0.012378
     2210.800000       0.012138
     2210.900000       0.011896
     2211.000000       0.011649
     2211.100000       0.011395
     2211.200000       0.011132
     2211.300000       0.010860
     2211.400000       0.010577
     2211.500000       0.010283
     2211.600000       0.009980
     2211.700000       0.009669
     2211.800000       0.009351
     2211.900000       0.009030
     2212.000000       0.008709
     2212.100000       0.008392
     2212.200000       0.008083
     2212.300000       0.007786
     2212.400000       0.007503
     2212.500000       0.007239
     2212.600000       0.006994
     2212.700000       0.006770
     2212.800000       0.006568
     2212.900000       0.006387
     2213.000000       0.006225
     2213.100000       0.006079
     2213.200000       0.005946
     2213.300000       0.005823
     2213.400000       0.005704
     2213.500000       0.005587
     2213.600000       0.005469
     2213.700000       0.005346
     2213.800000       0.005217
     2213.900000       0.005082
     2214.000000       0.004940
     2214.100000       0.004792
     2214.200000       0.004641
     2214.300000       0.004489
     2214.400000       0.004340
     2214.500000       0.004197
     2214.600000       0.004062
     2214.700000       0.003940
     2214.800000       0.003832
     2214.900000       0.003740
     2215.000000       0.003664
     2215.100000       0.003605
     2215.200000       0.003562
     2215.300000       0.003532
     2215.400000       0.003513
     2215.500000       0.003504
     2215.600000       0.003500
     2215.700000       0.003499
     2215.800000       0.003499
     2215.900000       0.003497
     2216.000000       0.003491
     2216.100000       0.003480
     2216.200000       0.003462
     2216.300000       0.003438
     2216.400000       0.003407
     2216.500000       0.003370
     2216.600000       0.003328
     2216.700000       0.003280
     2216.800000       0.003228
     2216.900000       0.003171
     2217.000000       0.003109
     2217.100000       0.003041
     2217.200000       0.002967
     2217.300000       0.002885
     2217.400000       0.002795
     2217.500000       0.002697
     2217.600000       0.002587
     2217.700000       0.002468
     2217.800000       0.002337
     2217.900000       0.002195
     2218.000000       0.002044
     2218.100000       0.002095
     2218.200000       0.002110
     2218.300000       0.002093
     2218.400000       0.002031
     2218.500000       0.001910
     2218.600000       0.001725
     2218.700000       0.001473
     2218.800000       0.001160
     2218.900000       0.000800
     2219.000000       0.000426
     2219.100000       0.000000
