2	666.016232	9.946e-29	1.166	0.0683	0.086	4690.5806	0.76	-0.000732
2	666.022932	3.9e-28	0.3178	0.0661	0.07	4239.835	0.71	-0.002425
2	666.071306	1.062e-29	3.344	0.0732	0.1	5250.1328	0.7	-0.000619
2	666.087767	2.449e-25	0.953	0.0725	0.1	2925.1499	0.7	-0.000678
2	666.116682	5.771e-29	1.385	0.0767	0.104	4673.2949	0.69	-0.00053
2	666.120315	2.284e-28	6.996	0.0853	0.114	4574.1426	0.74	-0.00035
2	666.129174	4.169e-29	0.0001793	0.0682	0.085	3069.0044	0.76	-0.000727
2	666.137968	1.006e-26	1.034	0.0739	0.101	3576.3372	0.69	-0.000677
2	666.181277	1.203e-29	0.1396	0.0581	0.063	4895.6655	0.64	-0.00315
2	666.209499	1.202e-30	1.324e-07	0.0704	0.096	2238.6228	0.73	-0.002188
2	666.211732	2.561e-30	1.988	0.0681	0.084	5570.2793	0.76	-0.000713
2	666.221386	8.457e-26	0.9157	0.0777	0.105	3074.6584	0.69	-0.000519
2	666.228175	1.148e-27	0.267	0.0884	0.119	3344.0359	0.78	-0.000463
2	666.230304	1.14e-30	4.502	0.0798	0.107	5678.895	0.69	-0.000527
2	666.265517	5.656e-30	1.311	0.0687	0.09	5279.0044	0.75	-0.000714
2	666.270887	3.608e-28	2.34	0.0787	0.106	4375.6533	0.69	-0.00052
2	666.307175	1.238e-27	1.238	0.0678	0.081	4216.9629	0.75	-0.000715
2	666.323456	3.372e-28	0.1947	0.0599	0.064	4257.7363	0.64	-0.002962
2	666.411137	8.282e-28	0.0002638	0.066	0.07	2632.5022	0.71	-0.004085
2	666.419673	1.011e-30	0.6952	0.0661	0.07	5625.8359	0.71	-0.002425
2	666.421777	7.405e-26	2.796	0.0809	0.108	3283.8137	0.7	-0.000505
2	666.422	2.229e-26	1.315	0.0685	0.088	3595.5903	0.76	-0.000711
2	666.42315	4.149e-27	4.314	0.0831	0.111	3926.6345	0.71	-0.000421
2	666.454793	1.558e-28	0.2312	0.059	0.063	4463.5352	0.64	-0.001113
2	666.487896	5.051e-24	0.7869	0.0709	0.097	2292.3235	0.72	-0.000702
2	666.526264	2.383e-30	0.0005539	0.0602	0.064	4065.5222	0.64	-0.000872
2	666.532611	9.492e-30	1.578	0.069	0.092	5203.709	0.75	-0.00071
2	666.535498	2.921e-29	0.5418	0.0863	0.115	4406.8975	0.75	-0.000637
2	666.545528	1.431e-29	0.9577	0.0714	0.098	4951.3643	0.71	-0.000692
2	666.567624	1.311e-27	1.057	0.0678	0.08	4172.5713	0.75	-0.000714
2	666.572364	2.034e-25	1.758	0.0676	0.078	3254.1223	0.75	-0.000718
2	666.572983	1.423e-29	0.9893	0.0709	0.097	4968.5361	0.72	-0.000702
2	666.653644	2.067e-29	3.258	0.0787	0.106	5031.7822	0.69	-0.00052
2	666.655012	5.313e-26	0.7922	0.0892	0.12	2673.4807	0.78	-0.000405
2	666.660051	1.219e-29	0.8179	0.0687	0.09	5030.3921	0.75	-0.000719
2	666.675192	1.329e-27	1.574	0.0709	0.097	4139.6318	0.72	-0.000662
2	666.677093	5.879e-27	1.541	0.0777	0.105	3729.9995	0.69	-0.000519
2	666.681565	3.617e-28	1.004	0.0757	0.103	4229.1201	0.69	-0.000687
2	666.71158	1.372e-30	0.1997	0.0565	0.061	5434.397	0.65	-0.001221
2	666.723871	1.258e-24	1.786	0.0777	0.105	2656.3511	0.69	-0.000519
2	666.740495	2.184e-27	0.6129	0.0632	0.066	4069.3533	0.66	-0.002666
2	666.747583	8.527e-29	1.865	0.0638	0.067	4959.584	0.67	-0.000889
2	666.749984	5.41e-26	1.071	0.0646	0.068	3505.531	0.68	-0.000855
2	666.750201	3.74e-22	1.203	0.0701	0.095	1519.6411	0.73	-0.000671
2	666.751373	1.929e-29	1.279	0.0677	0.079	5089.5459	0.75	-0.000727
2	666.751717	1.654e-27	0.9233	0.068	0.083	4080.9563	0.76	-0.000718
2	666.752473	5.141e-24	0.7705	0.0714	0.098	2274.8398	0.71	-0.000692
2	666.757816	1.204e-29	0.9125	0.0767	0.104	4895.8042	0.69	-0.000682
2	666.765778	3.544e-30	2.192	0.0798	0.107	5297.1387	0.69	-0.000527
2	666.799269	2.214e-27	1.826	0.0695	0.094	4097.374	0.74	-0.000706
2	666.800919	2.145e-30	1.348	0.0687	0.09	5483.9653	0.75	-0.000714
2	666.813506	1.624e-28	2.485	0.0709	0.097	4665.9668	0.72	-0.000662
2	666.820704	1.103e-28	1.168	0.0684	0.087	4663.1289	0.76	-0.00073
2	666.83685	1.596e-30	0.543	0.0594	0.063	5576.8062	0.64	-0.001099
2	666.84253	2.481e-25	0.9451	0.0732	0.1	2909.4944	0.7	-0.000681
2	666.873847	1.037e-23	0.438	0.0646	0.068	2240.2375	0.68	-0.000855
2	666.884873	1.023e-29	3.302	0.0725	0.1	5265.0889	0.7	-0.000637
2	666.899308	9.924e-27	1.012	0.0747	0.102	3562.2207	0.69	-0.000681
2	666.910266	5.767e-29	0.2321	0.0606	0.064	4649.5146	0.64	-0.002892
2	666.919253	2.277e-28	6.335	0.0842	0.112	4579.6592	0.73	-0.000379
2	666.956787	5.373e-30	0.4645	0.0618	0.065	5267.5918	0.65	-0.00099
2	666.961887	2.545e-30	0.5499	0.0628	0.066	5442.335	0.66	-0.002698
2	666.962119	6.422e-29	2.488	0.0659	0.07	5041.0894	0.7	-0.000803
2	666.98406	2.282e-26	1.222	0.0686	0.089	3569.1975	0.76	-0.000717
2	666.98658	9.419e-29	1.07	0.0684	0.087	4683.6357	0.76	-0.000702
2	666.991758	1.358e-22	0.9976	0.0692	0.093	1704.9419	0.74	-0.000707
2	667.014816	6.126e-30	1.307	0.0689	0.091	5254.7056	0.75	-0.000716
2	667.026277	1.859e-23	1.097	0.0739	0.101	2052.0242	0.69	-0.000594
2	667.032659	1.127e-30	4.323	0.0787	0.106	5688.2744	0.69	-0.00052
2	667.044544	2.892e-24	0.3196	0.064	0.067	2444.3237	0.67	-0.00259
2	667.069727	3.599e-28	2.288	0.0777	0.105	4385.7754	0.69	-0.000519
2	667.098456	2.375e-26	1.29	0.0673	0.076	3641.1746	0.74	-0.000725
2	667.136309	8.51e-26	0.9106	0.0767	0.104	3085.4006	0.69	-0.00053
2	667.172598	2.277e-30	1.987	0.068	0.083	5599.1875	0.76	-0.000719
2	667.175473	1e-28	1.029	0.0685	0.088	4657.0376	0.76	-0.000711
2	667.213213	1.227e-29	9.35	0.0853	0.114	5234.7368	0.74	-0.00035
2	667.223105	7.463e-26	2.71	0.0798	0.107	3292.4514	0.69	-0.000527
2	667.224228	4.177e-27	4.076	0.082	0.109	3933.7144	0.7	-0.000463
2	667.248122	5.742e-29	1.372	0.0757	0.103	4684.6899	0.69	-0.000547
2	667.272954	2.155e-29	0.4786	0.0871	0.116	4402.2754	0.76	-0.000616
2	667.294331	4.35e-30	1.423	0.066	0.07	5472.4146	0.71	-0.000738
2	667.345483	8.779e-30	1.579	0.0688	0.091	5226.2642	0.75	-0.000725
2	667.358738	1.469e-29	8.277e-05	0.0696	0.094	3071.2937	0.74	-0.003709
2	667.365059	2.294e-27	0.9905	0.0809	0.108	3765.8723	0.7	-0.000608
2	667.378366	1.847e-24	0.8145	0.0757	0.103	2442.0491	0.69	-0.000547
2	667.378638	4.07e-30	0.0005172	0.0607	0.064	3935.8223	0.64	-0.000863
2	667.386131	7.463e-20	1.537	0.0902	0.121	2.3413	0.78	-0.000461
2	667.38731	1.16e-29	1.619	0.0672	0.075	5265.1187	0.74	-0.000735
2	667.400618	1.308e-19	1.537	0.0879	0.118	7.8043	0.77	-0.000477
2	667.423406	1.812e-19	1.537	0.086	0.115	16.389	0.74	-0.00049
2	667.427395	8.135e-30	1.27	0.0757	0.103	5070.5947	0.69	-0.000547
2	667.444316	4.173e-28	1.365	0.0692	0.093	4380.5586	0.74	-0.000707
2	667.44843	3.43e-28	0.9591	0.0767	0.104	4216.5508	0.69	-0.000682
2	667.454193	2.048e-29	3.164	0.0777	0.105	5041.9238	0.69	-0.000519
2	667.454463	2.239e-19	1.537	0.0838	0.111	28.0951	0.72	-0.000514
2	667.464854	4.143e-29	0.0001448	0.0684	0.087	3013.5315	0.76	-0.00073
2	667.476397	5.873e-27	1.522	0.0767	0.104	3740.8796	0.69	-0.00053
2	667.493802	2.574e-19	1.538	0.0815	0.109	42.9225	0.7	-0.000546
2	667.506655	1.214e-28	1.167	0.0685	0.088	4636.5796	0.76	-0.000721
2	667.526701	1.097e-29	0.845	0.0777	0.105	4884.0005	0.69	-0.000669
2	667.528145	1.257e-24	1.765	0.0767	0.104	2667.3242	0.69	-0.00053
2	667.528477	1.839e-23	1.106	0.0732	0.1	2066.4099	0.7	-0.000619
2	667.541416	2.808e-19	1.538	0.0793	0.106	60.8709	0.69	-0.000575
2	667.568384	3.585e-30	2.154	0.0787	0.106	5306.5342	0.69	-0.00052
2	667.59729	2.941e-19	1.539	0.0772	0.104	81.9401	0.69	-0.000601
2	667.602939	2.492e-25	0.9355	0.0739	0.101	2894.6174	0.69	-0.000677
2	667.630992	1.54e-28	2.474	0.0705	0.096	4684.0381	0.73	-0.000666
2	667.638314	2.064e-27	1.824	0.0692	0.093	4118.5298	0.74	-0.000704
2	667.651422	5.745e-28	0.3214	0.0664	0.071	4153.9736	0.72	-0.002396
2	667.661421	2.976e-19	1.539	0.0752	0.102	106.1297	0.69	-0.000624
2	667.661878	9.675e-27	0.9865	0.0757	0.103	3548.8879	0.69	-0.000687
2	667.696167	5.732e-29	1.377	0.0748	0.102	4697.5542	0.69	-0.00058
2	667.6997	9.808e-30	3.266	0.0719	0.099	5280.832	0.71	-0.000649
2	667.719527	2.273e-28	5.847	0.0831	0.111	4585.9634	0.71	-0.000421
2	667.728826	2.44e-29	0.1421	0.0585	0.063	4748.5459	0.64	-0.003108
2	667.733803	2.922e-19	1.54	0.0736	0.101	133.4393	0.69	-0.000642
2	667.754062	1.919e-21	1.014	0.0902	0.121	669.7274	0.78	-0.000461
2	667.75983	4.541e-21	1.369	0.0879	0.118	675.2049	0.77	-0.000477
2	667.763971	3.32e-21	1.268	0.0888	0.119	672.0676	0.77	-0.000469
2	667.766089	6.599e-30	1.303	0.069	0.092	5231.1895	0.75	-0.000714
2	667.768893	6.657e-21	1.449	0.086	0.115	683.8124	0.74	-0.00049
2	667.781253	8.394e-21	1.479	0.0838	0.111	695.5495	0.72	-0.000514
2	667.782415	5.648e-21	1.42	0.087	0.116	679.099	0.76	-0.000482
2	667.796908	9.743e-21	1.494	0.0815	0.109	710.4163	0.7	-0.000546
2	667.800982	8.509e-26	0.9073	0.0757	0.103	3097.1702	0.69	-0.000547
2	667.809139	7.574e-21	1.467	0.0849	0.113	689.2553	0.73	-0.000502
2	667.814441	2.793e-19	1.54	0.0723	0.099	163.8684	0.71	-0.000666
2	667.815861	1.069e-20	1.503	0.0793	0.106	728.4123	0.69	-0.000575
2	667.837389	1.11e-30	4.174	0.0777	0.105	5698.4355	0.69	-0.000519
2	667.838079	1.122e-20	1.507	0.0772	0.104	749.5374	0.69	-0.000601
2	667.844075	9.12e-21	1.488	0.0826	0.11	702.5363	0.71	-0.000531
2	667.854159	2.023e-30	1.994	0.0679	0.082	5629.1519	0.75	-0.000712
2	667.863592	1.138e-20	1.512	0.0752	0.102	773.7911	0.69	-0.000624
2	667.870572	3.571e-28	2.245	0.0767	0.104	4396.6768	0.69	-0.00053
2	667.887209	1.027e-20	1.499	0.0804	0.107	718.9419	0.69	-0.000562
2	667.892371	1.119e-20	1.515	0.0736	0.101	801.1731	0.69	-0.000642
2	667.892693	1.5e-30	0.708	0.0664	0.071	5540.0098	0.72	-0.002396
2	667.902866	9.635e-28	1.251	0.0677	0.079	4279.6553	0.75	-0.000727
2	667.90328	2.605e-19	1.541	0.0712	0.098	197.4166	0.72	-0.000671
2	667.905596	8.074e-29	0.2336	0.0586	0.063	4604.5015	0.64	-0.001129
2	667.909415	1.552e-30	0.4902	0.0604	0.064	5548.9312	0.64	-0.002913
2	667.924422	1.07e-20	1.516	0.0723	0.099	831.6829	0.71	-0.000666
2	667.938563	1.101e-20	1.506	0.0783	0.105	738.4717	0.69	-0.000581
2	667.951478	5.417e-24	0.7841	0.0719	0.099	2257.1982	0.71	-0.000676
2	667.957	1.681e-27	1.053	0.0679	0.082	4109.3906	0.75	-0.00072
2	667.959736	9.983e-21	1.518	0.0712	0.098	865.3199	0.72	-0.000671
2	667.988294	1.836e-26	1.325	0.0683	0.086	3648.1125	0.76	-0.000697
2	667.998101	1.135e-20	1.51	0.0762	0.103	761.1255	0.69	-0.000611
2	667.998333	9.098e-21	1.519	0.0703	0.096	902.0837	0.73	-0.000678
2	668.00035	2.374e-19	1.542	0.0703	0.096	234.0834	0.73	-0.000678
2	668.005321	1.525e-29	0.9852	0.0719	0.099	4933.4731	0.71	-0.000676
2	668.013356	1.21e-29	8.376	0.0842	0.112	5240.2627	0.73	-0.000379
2	668.026443	4.191e-27	3.889	0.0809	0.108	3941.5811	0.7	-0.000505
2	668.028159	7.482e-26	2.639	0.0787	0.106	3301.874	0.69	-0.00052
2	668.040144	8.111e-21	1.52	0.0696	0.094	941.9736	0.74	-0.000695
2	668.064091	1.378e-29	0.387	0.0878	0.118	4398.376	0.77	-0.00056
2	668.065838	1.133e-20	1.513	0.0744	0.102	786.9028	0.69	-0.000636
2	668.085159	7.081e-21	1.521	0.0691	0.092	984.989	0.74	-0.000704
2	668.105642	2.116e-19	1.542	0.0696	0.094	273.868	0.74	-0.000695
2	668.108885	1.521e-29	0.9572	0.0725	0.1	4917.731	0.7	-0.000678
2	668.122977	1.15e-22	1.129	0.0888	0.119	1339.8315	0.77	-0.000469
2	668.124727	1.541e-25	1.779	0.0675	0.077	3322.0569	0.75	-0.000716
2	668.128675	2.039e-22	1.581	0.0879	0.118	1342.9648	0.77	-0.000477
2	668.13342	6.057e-21	1.522	0.0688	0.09	1031.1292	0.75	-0.000716
2	668.135756	2.795e-22	1.807	0.087	0.116	1346.8813	0.76	-0.000482
2	668.141754	1.099e-20	1.516	0.0729	0.1	815.8032	0.7	-0.000651
2	668.144303	3.459e-22	1.936	0.086	0.115	1351.5813	0.74	-0.00049
2	668.149338	3.695e-27	0.6285	0.0636	0.067	3959.6086	0.67	-0.002628
2	668.154275	4.048e-22	2.017	0.0849	0.113	1357.0645	0.73	-0.000502
2	668.161176	3.029e-20	1.03	0.0927	0.125	0.0	0.78	-0.000479
2	668.165752	4.569e-22	2.071	0.0838	0.111	1363.3308	0.72	-0.000514
2	668.178464	5.025e-22	2.109	0.0826	0.11	1370.3804	0.71	-0.000531
2	668.17861	8.082e-30	1.58	0.0687	0.09	5249.5752	0.75	-0.000719
2	668.184873	5.081e-21	1.522	0.0686	0.088	1080.3931	0.76	-0.000713
2	668.192741	5.416e-22	2.136	0.0815	0.109	1378.2133	0.7	-0.000546
2	668.208341	5.743e-22	2.157	0.0804	0.107	1386.8291	0.69	-0.000562
2	668.212651	6.271e-28	0.1951	0.0604	0.064	4124.4937	0.64	-0.002913
2	668.214071	3.195e-28	0.9081	0.0777	0.105	4204.7661	0.69	-0.000669
2	668.219124	1.848e-19	1.543	0.0691	0.092	316.7699	0.74	-0.000704
2	668.221722	2.675e-25	2.404	0.0902	0.121	2673.4807	0.78	-0.000461
2	668.225417	6.008e-22	2.173	0.0793	0.106	1396.2281	0.69	-0.000575
2	668.225833	1.038e-20	1.518	0.0717	0.098	847.8263	0.71	-0.000672
2	668.239516	4.182e-21	1.523	0.0683	0.086	1132.7803	0.76	-0.000715
2	668.243931	6.211e-22	2.186	0.0783	0.105	1406.4103	0.69	-0.000581
2	668.244792	4.689e-25	2.404	0.0879	0.118	2678.9346	0.77	-0.000477
2	668.24938	6.823e-30	0.0004815	0.0611	0.065	3809.196	0.64	-0.000854
2	668.255256	1.03e-29	0.8257	0.0685	0.088	5078.7515	0.76	-0.000711
2	668.256727	2.02e-29	3.086	0.0767	0.104	5052.8452	0.69	-0.00053
2	668.263817	6.354e-22	2.196	0.0772	0.104	1417.3755	0.69	-0.000601
2	668.265951	1.213e-27	1.589	0.0701	0.095	4176.2358	0.73	-0.000671
2	668.276791	5.832e-27	1.506	0.0757	0.103	3752.5371	0.69	-0.000547
2	668.280142	6.498e-25	2.404	0.086	0.115	2687.5046	0.74	-0.00049
2	668.285055	6.439e-22	2.204	0.0762	0.103	1429.1237	0.69	-0.000611
2	668.296901	9.728e-30	0.7688	0.0787	0.106	4872.9834	0.69	-0.000642
2	668.297285	3.378e-21	1.523	0.0681	0.084	1188.2897	0.76	-0.000712
2	668.29947	5.461e-24	0.7696	0.0725	0.1	2241.1946	0.7	-0.000678
2	668.300198	1.333e-28	1.168	0.0686	0.089	4610.7041	0.76	-0.000711
2	668.307905	6.469e-22	2.211	0.0752	0.102	1441.6547	0.69	-0.000624
2	668.318087	9.571e-21	1.52	0.0707	0.097	882.9714	0.72	-0.000681
2	668.327772	3.456e-26	1.086	0.0642	0.067	3606.0237	0.67	-0.000868
2	668.328306	8.029e-25	2.405	0.0838	0.111	2699.1909	0.72	-0.000514
2	668.332037	6.447e-22	2.216	0.0744	0.102	1454.9686	0.69	-0.000636
2	668.335106	1.248e-24	1.746	0.0757	0.103	2679.0801	0.69	-0.000547
2	668.335552	6.591e-24	0.4419	0.0642	0.067	2340.7319	0.67	-0.000868
2	668.335973	2.093e-27	0.9319	0.0682	0.085	4022.2449	0.76	-0.000727
2	668.33857	3.341e-22	1.215	0.0695	0.094	1559.4493	0.74	-0.000706
2	668.340776	1.582e-19	1.544	0.0688	0.09	362.7883	0.75	-0.000716
2	668.357529	6.378e-22	2.221	0.0736	0.101	1469.0656	0.69	-0.000642
2	668.358117	2.68e-21	1.524	0.0679	0.082	1246.9205	0.76	-0.000724
2	668.3614	2.48e-25	0.924	0.0747	0.102	2880.5264	0.69	-0.000681
2	668.363297	2.539e-30	1.363	0.069	0.092	5436.7119	0.75	-0.000714
2	668.373262	3.603e-30	2.122	0.0777	0.105	5316.7119	0.69	-0.000519
2	668.378299	3.09e-30	0.4677	0.0614	0.065	5387.2441	0.64	-0.001004
2	668.384676	6.265e-22	2.226	0.0729	0.1	1483.9449	0.7	-0.000651
2	668.390198	9.23e-25	2.406	0.0815	0.109	2713.9934	0.7	-0.000546
2	668.393547	5.297e-29	1.9	0.0634	0.066	5066.3071	0.66	-0.000907
2	668.412967	6.114e-22	2.23	0.0723	0.099	1499.6073	0.71	-0.000666
2	668.41849	8.629e-21	1.521	0.07	0.095	921.2381	0.73	-0.00069
2	668.422172	2.088e-21	1.524	0.0678	0.081	1308.6716	0.75	-0.000719
2	668.426124	9.313e-27	0.957	0.0767	0.104	3536.3394	0.69	-0.000682
2	668.431847	6.493e-28	0.0003106	0.0657	0.069	2722.0723	0.7	-0.004137
2	668.438935	1.916e-27	1.825	0.069	0.092	4140.5098	0.75	-0.00071
2	668.442851	5.927e-22	2.233	0.0717	0.098	1516.0521	0.71	-0.000672
2	668.449584	1.453e-28	2.463	0.0701	0.095	4702.8945	0.73	-0.000671
2	668.463085	4.341e-29	2.526	0.0655	0.069	5130.8838	0.7	-0.000816
2	668.464134	1.007e-24	2.406	0.0793	0.106	2731.9116	0.69	-0.000575
2	668.470609	1.328e-19	1.545	0.0686	0.088	411.9225	0.76	-0.000713
2	668.473984	5.712e-22	2.236	0.0712	0.098	1533.2797	0.72	-0.000671
2	668.481945	5.97e-24	1.192	0.0879	0.118	2011.0934	0.77	-0.000477
2	668.489272	1.598e-21	1.523	0.0677	0.079	1373.542	0.75	-0.00072
2	668.48944	1.074e-23	1.788	0.087	0.116	2015.0171	0.76	-0.000482
2	668.497354	1.477e-23	2.129	0.086	0.115	2019.7256	0.74	-0.00049
2	668.506743	5.471e-22	2.238	0.0707	0.097	1551.2896	0.72	-0.000681
2	668.507702	1.825e-23	2.342	0.0849	0.113	2025.2188	0.73	-0.000502
2	668.511913	4.345e-30	0.5607	0.0632	0.066	5329.6406	0.66	-0.002666
2	668.515783	9.361e-30	3.236	0.0714	0.098	5297.3613	0.71	-0.000646
2	668.518028	7.068e-30	1.297	0.0692	0.093	5208.4565	0.74	-0.000707
2	668.518901	2.128e-23	2.484	0.0838	0.111	2031.4965	0.72	-0.000514
2	668.521132	2.266e-28	5.471	0.082	0.109	4593.0562	0.7	-0.000463
2	668.527036	7.615e-21	1.523	0.0694	0.093	962.6257	0.74	-0.000709
2	668.528743	1.56e-22	1.008	0.0698	0.095	1662.0402	0.73	-0.000715
2	668.531674	2.39e-23	2.584	0.0826	0.11	2038.559	0.71	-0.000531
2	668.540644	5.211e-22	2.241	0.0703	0.096	1570.082	0.73	-0.000678
2	668.54556	2.614e-23	2.656	0.0815	0.109	2046.4059	0.7	-0.000546
2	668.550919	1.055e-24	2.407	0.0772	0.104	2752.9453	0.69	-0.000601
2	668.559388	1.202e-21	1.523	0.0675	0.077	1441.5306	0.75	-0.000727
2	668.560816	5.865e-27	1.358	0.0902	0.121	3341.7026	0.78	-0.000461
2	668.561093	2.801e-23	2.71	0.0804	0.107	2055.0376	0.69	-0.000562
2	668.563605	1.388e-26	1.833	0.0879	0.118	3347.179	0.77	-0.000477
2	668.569547	2.034e-26	1.939	0.086	0.115	3355.7847	0.74	-0.00049
2	668.575832	1.015e-26	1.698	0.0888	0.119	3344.0359	0.77	-0.000469
2	668.575987	7.699e-29	1.078	0.0682	0.085	4737.2256	0.76	-0.000698
2	668.576267	4.936e-22	2.243	0.07	0.095	1589.6566	0.73	-0.00069
2	668.578034	2.953e-23	2.752	0.0793	0.106	2064.4536	0.69	-0.000575
2	668.578096	2.564e-26	1.979	0.0838	0.111	3367.5195	0.72	-0.000514
2	668.587816	2.975e-26	1.998	0.0815	0.109	3382.3833	0.7	-0.000546
2	668.596297	3.072e-23	2.785	0.0783	0.105	2074.6543	0.69	-0.000581
2	668.599591	3.263e-26	2.01	0.0793	0.106	3400.3755	0.69	-0.000575
2	668.599887	1.441e-29	1.267	0.0675	0.078	5155.9683	0.75	-0.000725
2	668.600759	1.726e-26	1.901	0.087	0.116	3351.0564	0.76	-0.000482
2	668.608576	1.093e-19	1.545	0.0683	0.086	464.1717	0.76	-0.000715
2	668.612925	4.65e-22	2.245	0.0696	0.094	1610.0138	0.74	-0.000695
2	668.613553	3.426e-26	2.016	0.0772	0.104	3421.4961	0.69	-0.000601
2	668.616098	3.157e-23	2.811	0.0772	0.104	2085.6394	0.69	-0.000601
2	668.629275	3.471e-26	2.019	0.0752	0.102	3445.7449	0.69	-0.000624
2	668.632447	8.885e-22	1.523	0.0673	0.076	1512.6365	0.74	-0.000725
2	668.637091	3.211e-23	2.833	0.0762	0.103	2097.4087	0.69	-0.000611
2	668.638069	2.315e-26	1.964	0.0849	0.113	3361.1973	0.73	-0.000502
2	668.640829	1.089e-30	4.05	0.0767	0.104	5709.3779	0.69	-0.00053
2	668.643698	6.583e-21	1.524	0.069	0.091	1007.1335	0.75	-0.000706
2	668.646891	3.411e-26	2.022	0.0736	0.101	3473.1211	0.69	-0.000642
2	668.650641	1.068e-24	2.409	0.0752	0.102	2777.0942	0.69	-0.000624
2	668.651372	4.357e-22	2.246	0.0694	0.093	1631.1527	0.74	-0.000709
2	668.659598	3.236e-23	2.851	0.0752	0.102	2109.9624	0.69	-0.000624
2	668.662068	4.683e-24	0.324	0.0645	0.068	2340.7319	0.68	-0.002556
2	668.667848	3.261e-26	2.023	0.0723	0.099	3503.6245	0.71	-0.000666
2	668.672209	3.526e-28	2.209	0.0757	0.103	4408.356	0.69	-0.000547
2	668.681992	1.775e-23	1.093	0.0725	0.1	2080.9316	0.7	-0.000637
2	668.683451	3.234e-23	2.866	0.0744	0.102	2123.3008	0.69	-0.000636
2	668.684382	2.788e-26	1.992	0.0826	0.11	3374.4578	0.71	-0.000531
2	668.689552	3.04e-26	2.024	0.0712	0.098	3537.2546	0.72	-0.000671
2	668.690856	4.062e-22	2.248	0.0691	0.092	1653.0741	0.74	-0.000704
2	668.708542	6.457e-22	1.522	0.067	0.074	1586.8582	0.73	-0.00074
2	668.708883	3.206e-23	2.879	0.0736	0.101	2137.4231	0.69	-0.000642
2	668.709237	3.24e-26	1.309	0.0675	0.078	3570.1567	0.75	-0.000728
2	668.71365	2.769e-26	2.024	0.0703	0.096	3574.0107	0.73	-0.000678
2	668.729583	1.881e-26	1.221	0.0684	0.087	3619.9856	0.76	-0.000702
2	668.73209	3.767e-22	2.25	0.069	0.091	1675.7772	0.75	-0.000706
2	668.735387	3.154e-23	2.889	0.0729	0.1	2152.3296	0.7	-0.000651
2	668.740154	2.466e-26	2.023	0.0696	0.094	3613.8921	0.74	-0.000695
2	668.743041	3.14e-26	2.008	0.0804	0.107	3390.8379	0.69	-0.000562
2	668.750554	1.055e-28	0.2345	0.061	0.065	4521.2358	0.64	-0.002864
2	668.754644	8.451e-26	0.9042	0.0748	0.102	3109.4275	0.69	-0.00058
2	668.754674	8.841e-20	1.547	0.0681	0.084	519.535	0.76	-0.000712
2	668.763609	3.082e-23	2.899	0.0723	0.099	2168.0203	0.71	-0.000666
2	668.763766	1.049e-24	2.41	0.0736	0.101	2804.3579	0.69	-0.000642
2	668.767715	2.151e-26	2.023	0.0691	0.092	3656.8982	0.74	-0.000704
2	668.768462	5.58e-21	1.525	0.0687	0.089	1054.7607	0.75	-0.00071
2	668.774284	3.476e-22	2.251	0.0688	0.09	1699.2625	0.75	-0.000716
2	668.787323	4.613e-22	1.521	0.0668	0.073	1664.1946	0.73	-0.000744
2	668.792961	2.992e-23	2.907	0.0717	0.098	2184.4949	0.71	-0.000672
2	668.796929	1.838e-26	2.021	0.0688	0.09	3703.0286	0.75	-0.000716
2	668.81284	3.367e-26	2.016	0.0783	0.105	3410.3376	0.69	-0.000581
2	668.814815	1.196e-29	7.656	0.0831	0.111	5246.5781	0.71	-0.000421
2	668.815023	3.981e-29	0.0001151	0.0686	0.089	2961.177	0.76	-0.000711
2	668.818382	3.192e-22	2.252	0.0687	0.089	1723.5292	0.75	-0.00071
2	668.821446	6.231e-30	0.2418	0.0884	0.119	4395.2871	0.78	-0.000463
2	668.823921	2.886e-23	2.914	0.0712	0.098	2201.7537	0.72	-0.000671
2	668.828116	1.54e-26	2.019	0.0686	0.088	3752.282	0.76	-0.000713
2	668.829057	4.188e-27	3.737	0.0798	0.107	3950.2341	0.69	-0.000527
2	668.831158	7.463e-26	2.581	0.0777	0.105	3312.0818	0.69	-0.000519
2	668.833703	2.86e-25	1.229	0.087	0.116	2683.5066	0.76	-0.000482
2	668.835316	1.762e-30	1.275	0.0888	0.119	5066.4399	0.77	-0.000469
2	668.841772	3.124e-30	1.786	0.0879	0.118	5069.5483	0.77	-0.000477
2	668.84269	5.191e-25	1.931	0.086	0.115	2688.2234	0.74	-0.00049
2	668.847288	1.782e-30	1.992	0.0678	0.081	5659.5967	0.75	-0.000715
2	668.848257	4.282e-30	2.041	0.087	0.116	5073.4336	0.76	-0.000482
2	668.852203	7.157e-25	2.369	0.0849	0.113	2693.7263	0.73	-0.000502
2	668.856215	2.767e-23	2.921	0.0707	0.097	2219.7961	0.72	-0.000681
2	668.85729	5.3e-30	2.186	0.086	0.115	5078.0957	0.74	-0.00049
2	668.860903	1.266e-26	2.017	0.0683	0.086	3804.6577	0.76	-0.000715
2	668.863507	2.917e-22	2.253	0.0686	0.088	1748.578	0.76	-0.000713
2	668.864432	8.839e-25	2.662	0.0838	0.111	2700.0154	0.72	-0.000514
2	668.867233	6.204e-30	2.278	0.0849	0.113	5083.5347	0.73	-0.000502
2	668.869156	3.241e-22	1.521	0.0666	0.072	1744.6444	0.72	-0.000748
2	668.875934	1.028e-24	2.867	0.0826	0.11	2707.0906	0.71	-0.000531
2	668.879445	7.004e-30	2.338	0.0838	0.111	5089.751	0.72	-0.000514
2	668.885084	3.24e-28	1.398	0.0888	0.119	4012.6111	0.77	-0.000469
2	668.888853	1.003e-24	2.411	0.0723	0.099	2834.7356	0.71	-0.000666
2	668.888894	8.218e-29	1.032	0.0683	0.086	4708.9561	0.76	-0.000697
2	668.889607	1.15e-24	3.015	0.0815	0.109	2714.9517	0.7	-0.000546
2	668.889801	2.637e-23	2.926	0.0703	0.096	2238.6228	0.73	-0.000678
2	668.891115	5.744e-28	1.958	0.0879	0.118	4015.7424	0.77	-0.000477
2	668.892173	7.703e-30	2.381	0.0826	0.11	5096.7441	0.71	-0.000531
2	668.894803	3.474e-26	2.023	0.0762	0.103	3432.9563	0.69	-0.000611
2	668.896137	1.022e-26	2.016	0.0681	0.084	3860.1548	0.76	-0.000712
2	668.89865	7.872e-28	2.238	0.087	0.116	4019.6567	0.76	-0.000482
2	668.901327	4.639e-21	1.527	0.0684	0.087	1105.5066	0.76	-0.000715
2	668.901625	1.998e-27	0.989	0.0831	0.111	3749.6167	0.71	-0.000631
2	668.9031	8.476e-30	1.637	0.067	0.074	5339.6406	0.73	-0.00075
2	668.904809	1.253e-24	3.129	0.0804	0.107	2723.5986	0.69	-0.000562
2	668.907582	8.305e-30	2.412	0.0815	0.109	5104.5142	0.7	-0.000546
2	668.907698	9.743e-28	2.398	0.086	0.115	4024.354	0.74	-0.00049
2	668.908892	7.02e-20	1.548	0.0679	0.082	578.0116	0.76	-0.000724
2	668.910259	2.653e-22	2.255	0.0684	0.087	1774.408	0.76	-0.000715
2	668.918242	1.14e-27	2.497	0.0849	0.113	4029.8337	0.73	-0.000502
2	668.919468	5.624e-29	1.365	0.0739	0.101	4710.4194	0.69	-0.000594
2	668.921818	1.337e-24	3.216	0.0793	0.106	2733.0315	0.69	-0.000575
2	668.922677	8.81e-30	2.435	0.0804	0.107	5113.0605	0.69	-0.000562
2	668.924769	2.5e-23	2.932	0.07	0.095	2258.2329	0.73	-0.00069
2	668.930309	1.287e-27	2.564	0.0838	0.111	4036.0964	0.72	-0.000514
2	668.931667	8.091e-27	2.012	0.0679	0.082	3918.7727	0.76	-0.000724
2	668.939341	1.402e-24	3.281	0.0783	0.105	2743.2505	0.69	-0.000581
2	668.939832	9.218e-30	2.453	0.0793	0.106	5122.3848	0.69	-0.000575
2	668.943854	1.415e-27	2.61	0.0826	0.11	4043.1421	0.71	-0.000531
2	668.953668	2.239e-22	1.519	0.0663	0.071	1828.2062	0.71	-0.00076
2	668.957186	1.525e-27	2.644	0.0815	0.109	4050.9702	0.7	-0.000546
2	668.957513	1.835e-24	0.8207	0.0739	0.101	2467.5957	0.69	-0.000594
2	668.958224	2.402e-22	2.256	0.0683	0.086	1801.0198	0.76	-0.000715
2	668.958898	1.451e-24	3.336	0.0772	0.104	2754.2554	0.69	-0.000601
2	668.958993	9.533e-30	2.467	0.0783	0.105	5132.4849	0.69	-0.000581
2	668.961279	2.356e-23	2.936	0.0696	0.094	2278.6267	0.74	-0.000695
2	668.969513	6.294e-27	2.009	0.0678	0.081	3980.5103	0.75	-0.000719
2	668.977069	1.618e-27	2.671	0.0804	0.107	4059.5811	0.69	-0.000562
2	668.978884	9.755e-30	2.478	0.0772	0.104	5143.3623	0.69	-0.000601
2	668.979709	1.485e-24	3.382	0.0762	0.103	2766.0459	0.69	-0.000611
2	668.986746	2.914e-28	0.8497	0.0787	0.106	4193.7671	0.69	-0.000642
2	668.986969	3.467e-26	2.027	0.0744	0.102	3458.6936	0.69	-0.000636
2	668.989558	7.407e-30	1.582	0.0686	0.089	5273.686	0.76	-0.000717
2	668.992617	4.797e-28	1.38	0.0698	0.095	4337.7202	0.73	-0.000715
2	668.993308	1.086e-25	1.611	0.0927	0.125	2671.1433	0.78	-0.000479
2	668.994454	1.692e-27	2.69	0.0793	0.106	4068.9746	0.69	-0.000575
2	668.998945	2.208e-23	2.939	0.0694	0.093	2299.8042	0.74	-0.000709
2	669.000931	1.453e-28	1.167	0.0687	0.09	4585.7051	0.75	-0.000714
2	669.001138	9.89e-30	2.488	0.0762	0.103	5155.0156	0.69	-0.000611
2	669.002722	1.503e-24	3.419	0.0752	0.102	2778.6221	0.69	-0.000624
2	669.006102	8.081e-30	1.279	0.0739	0.101	5096.1011	0.69	-0.000594
2	669.007734	2.164e-22	2.257	0.0682	0.085	1828.4126	0.76	-0.000713
2	669.008404	4.809e-27	2.005	0.0677	0.079	4045.3662	0.75	-0.00072
2	669.012595	1.749e-27	2.705	0.0783	0.105	4079.1506	0.69	-0.000581
2	669.023568	9.94e-30	2.495	0.0752	0.102	5167.4473	0.69	-0.000624
2	669.025887	1.507e-24	3.449	0.0744	0.102	2791.9841	0.69	-0.000636
2	669.027216	9.359e-25	2.413	0.0712	0.098	2868.2273	0.72	-0.000671
2	669.034861	1.789e-27	2.718	0.0772	0.104	4090.1091	0.69	-0.000601
2	669.036647	6.524e-30	1.459	0.0663	0.071	5385.71	0.71	-0.000729
2	669.038249	2.059e-23	2.943	0.0691	0.092	2321.7649	0.74	-0.000704
2	669.040943	1.521e-22	1.518	0.0659	0.07	1914.8787	0.71	-0.000769
2	669.042246	3.785e-21	1.528	0.0682	0.085	1159.3702	0.76	-0.000713
2	669.049077	9.911e-30	2.501	0.0744	0.102	5180.6533	0.69	-0.000636
2	669.049161	3.61e-27	2.001	0.0675	0.077	4113.3398	0.75	-0.000727
2	669.050034	1.498e-24	3.474	0.0736	0.101	2806.1318	0.69	-0.000642
2	669.058337	1.813e-27	2.728	0.0762	0.103	4101.8506	0.69	-0.000611
2	669.058414	1.941e-22	2.258	0.0681	0.084	1856.587	0.76	-0.000712
2	669.059772	1.984e-29	3.02	0.0757	0.103	5064.5469	0.69	-0.000547
2	669.068413	8.337e-30	0.6829	0.0798	0.107	4862.7529	0.69	-0.000616
2	669.071189	5.476e-20	1.549	0.0678	0.081	639.6004	0.75	-0.000719
2	669.07376	9.809e-30	2.507	0.0736	0.101	5194.6382	0.69	-0.000642
2	669.076999	1.478e-24	3.497	0.0729	0.1	2821.0649	0.7	-0.000651
2	669.078909	5.759e-27	1.493	0.0748	0.102	3764.9712	0.69	-0.00058
2	669.078932	1.911e-23	2.948	0.069	0.091	2344.5093	0.75	-0.000706
2	669.080196	1.822e-27	2.737	0.0752	0.102	4114.374	0.69	-0.000624
2	669.088582	2.664e-27	1.996	0.0673	0.076	4184.4292	0.74	-0.000725
2	669.090357	3.363e-26	2.031	0.0729	0.1	3487.5493	0.7	-0.000651
2	669.095412	1.715e-29	0.0001115	0.0691	0.092	3114.2441	0.75	-0.003747
2	669.102834	9.64e-30	2.511	0.0729	0.1	5209.3975	0.7	-0.000651
2	669.105059	1.447e-24	3.516	0.0723	0.099	2836.7837	0.71	-0.000666
2	669.10609	1.816e-27	2.744	0.0744	0.102	4127.6802	0.69	-0.000636
2	669.110742	1.733e-22	2.259	0.068	0.083	1885.5422	0.76	-0.000722
2	669.114394	1.74e-23	1.106	0.0719	0.099	2096.9524	0.71	-0.000649
2	669.120896	1.764e-23	2.951	0.0688	0.09	2368.0369	0.75	-0.000716
2	669.123766	2.444e-25	0.9106	0.0757	0.103	2867.2153	0.69	-0.000687
2	669.13005	9.411e-30	2.515	0.0723	0.099	5224.936	0.71	-0.000666
2	669.131025	1.016e-22	1.515	0.0656	0.069	2004.6603	0.7	-0.000775
2	669.132198	1.931e-27	1.99	0.067	0.074	4258.6343	0.73	-0.00074
2	669.133735	1.407e-24	3.532	0.0717	0.098	2853.2878	0.71	-0.000672
2	669.134863	1.796e-27	2.749	0.0736	0.101	4141.7686	0.69	-0.000642
2	669.140579	1.123e-29	0.000447	0.0615	0.065	3685.646	0.64	-0.000842
2	669.141911	1.231e-24	1.73	0.0748	0.102	2691.6206	0.69	-0.00058
2	669.161843	1.764e-27	2.754	0.0729	0.1	4156.6396	0.7	-0.000651
2	669.162566	9.13e-30	2.519	0.0717	0.098	5241.2471	0.71	-0.000672
2	669.164184	1.62e-23	2.954	0.0687	0.089	2392.3474	0.75	-0.00071
2	669.164423	1.54e-22	2.26	0.0679	0.082	1915.2787	0.76	-0.000724
2	669.164852	1.359e-24	3.546	0.0712	0.098	2870.5774	0.72	-0.000671
2	669.174639	1.377e-27	1.985	0.0668	0.073	4335.9531	0.73	-0.000744
2	669.177451	1.301e-26	1.25	0.086	0.115	3357.0659	0.74	-0.00049
2	669.178502	8.533e-25	2.415	0.0703	0.096	2904.832	0.73	-0.000678
2	669.17859	3.599e-30	2.096	0.0767	0.104	5327.6729	0.69	-0.00053
2	669.185787	2.375e-26	2.032	0.0849	0.113	3362.5786	0.73	-0.000502
2	669.191256	3.032e-21	1.529	0.068	0.083	1216.351	0.76	-0.000722
2	669.191286	8.834e-27	0.9228	0.0777	0.105	3524.5747	0.69	-0.000669
2	669.191815	8.802e-30	2.521	0.0712	0.098	5258.3389	0.72	-0.000671
2	669.193663	1.598e-29	1.408	0.0879	0.118	4684.6333	0.77	-0.000477
2	669.19518	1.722e-27	2.76	0.0723	0.099	4172.292	0.71	-0.000666
2	669.195938	1.305e-24	3.56	0.0707	0.097	2888.6523	0.72	-0.000681
2	669.196426	3.279e-26	2.552	0.0838	0.111	3368.8789	0.72	-0.000514
2	669.20078	2.874e-29	2.111	0.087	0.116	4688.5552	0.76	-0.000482
2	669.204894	3.178e-26	2.034	0.0717	0.098	3519.5227	0.71	-0.000672
2	669.208694	1.481e-23	2.957	0.0686	0.088	2417.4414	0.76	-0.000713
2	669.209319	3.952e-29	2.514	0.086	0.115	4693.2617	0.74	-0.00049
2	669.210804	4.047e-26	2.918	0.0826	0.11	3375.9663	0.71	-0.000531
2	669.217643	9.645e-28	1.977	0.0666	0.072	4416.3848	0.72	-0.000748
2	669.21928	4.884e-29	2.765	0.0849	0.113	4698.752	0.73	-0.000502
2	669.219335	1.362e-22	2.26	0.0679	0.082	1945.7958	0.75	-0.000717
2	669.223462	6.682e-23	1.514	0.0652	0.069	2097.5498	0.69	-0.000787
2	669.224165	1.669e-27	2.763	0.0717	0.098	4188.7275	0.71	-0.000672
2	669.224943	4.697e-26	3.183	0.0815	0.109	3383.8413	0.7	-0.000546
2	669.228233	8.437e-30	2.524	0.0707	0.097	5276.2017	0.72	-0.000681
2	669.229828	1.245e-24	3.571	0.0703	0.096	2907.5125	0.73	-0.000678
2	669.230663	5.695e-29	2.933	0.0838	0.111	4705.0269	0.72	-0.000514
2	669.2398	5.24e-26	3.382	0.0804	0.107	3392.5037	0.69	-0.000562
2	669.241572	4.197e-20	1.55	0.0677	0.079	704.3005	0.75	-0.00072
2	669.243467	6.396e-29	3.05	0.0826	0.11	4712.0859	0.71	-0.000531
2	669.25504	1.347e-23	2.959	0.0684	0.087	2443.3181	0.76	-0.000715
2	669.25549	5.687e-26	3.536	0.0793	0.106	3401.9534	0.69	-0.000575
2	669.257373	1.608e-27	2.766	0.0712	0.098	4205.9438	0.72	-0.000671
2	669.257692	6.996e-29	3.136	0.0815	0.109	4719.9292	0.7	-0.000546
2	669.259158	8.039e-30	2.526	0.0703	0.096	5294.8472	0.73	-0.000678
2	669.262145	6.645e-28	1.97	0.0663	0.071	4499.9272	0.71	-0.00076
2	669.264276	1.181e-24	3.581	0.07	0.095	2927.1577	0.73	-0.00069
2	669.269597	1.365e-28	2.456	0.0698	0.095	4722.5361	0.73	-0.000684
2	669.270553	5.553e-29	1.374	0.0732	0.1	4724.9424	0.7	-0.000619
2	669.271675	7.526e-30	1.291	0.0695	0.093	5186.5059	0.74	-0.000712
2	669.273337	7.497e-29	3.2	0.0804	0.107	4728.5566	0.69	-0.000562
2	669.275856	1.2e-22	2.262	0.0678	0.081	1977.0938	0.75	-0.000719
2	669.276092	6.042e-26	3.656	0.0783	0.105	3412.1904	0.69	-0.000581
2	669.279235	8.323e-28	0.3249	0.0667	0.072	4071.1941	0.72	-0.002364
2	669.282687	4.871e-29	0.1446	0.0589	0.063	4604.5015	0.64	-0.003069
2	669.287317	1.77e-27	1.825	0.0688	0.091	4163.2261	0.75	-0.000725
2	669.290401	7.904e-29	3.249	0.0793	0.106	4737.9683	0.69	-0.000575
2	669.291007	1.54e-27	2.768	0.0707	0.097	4223.9438	0.72	-0.000681
2	669.293237	6.313e-26	3.752	0.0772	0.104	3423.2146	0.69	-0.000601
2	669.299615	7.62e-30	2.528	0.07	0.095	5314.2607	0.73	-0.00069
2	669.300119	1.114e-24	3.59	0.0696	0.094	2947.5879	0.74	-0.000695
2	669.302308	1.219e-23	2.961	0.0683	0.086	2469.9778	0.76	-0.000715
2	669.304781	4.501e-28	1.961	0.0659	0.07	4586.5801	0.71	-0.000769
2	669.308885	8.221e-29	3.289	0.0783	0.105	4748.1636	0.69	-0.000581
2	669.316311	6.505e-26	3.831	0.0762	0.103	3435.0259	0.69	-0.000611
2	669.318261	4.32e-23	1.511	0.0649	0.068	2193.5452	0.68	-0.000807
2	669.320326	3.503e-21	1.845	0.0892	0.12	668.1612	0.78	-0.000525
2	669.324064	2.255e-28	5.177	0.0809	0.108	4600.9365	0.7	-0.000505
2	669.327441	1.467e-27	2.772	0.0703	0.096	4242.7241	0.73	-0.000678
2	669.328784	8.45e-29	3.32	0.0772	0.104	4759.1436	0.69	-0.000601
2	669.330817	2.932e-26	2.037	0.0707	0.097	3554.6133	0.72	-0.000681
2	669.332252	7.182e-30	2.53	0.0696	0.094	5334.46	0.74	-0.000695
2	669.333115	8.893e-30	3.209	0.0709	0.097	5314.6777	0.72	-0.000662
2	669.33329	1.052e-22	2.262	0.0678	0.08	2009.1725	0.75	-0.000723
2	669.335196	6.623e-26	3.896	0.0752	0.102	3447.6245	0.69	-0.000624
2	669.338139	1.045e-24	3.598	0.0694	0.093	2968.803	0.74	-0.000709
2	669.338522	4.118e-29	0.2358	0.0582	0.063	4748.5459	0.64	-0.001148
2	669.342427	7.612e-25	2.417	0.0696	0.094	2944.5496	0.74	-0.000695
2	669.348255	2.386e-21	1.53	0.0679	0.082	1276.4475	0.75	-0.000717
2	669.350103	8.595e-29	3.345	0.0762	0.103	4770.9072	0.69	-0.000611
2	669.350997	2.998e-28	1.952	0.0656	0.069	4676.3408	0.7	-0.000775
2	669.351433	1.099e-23	2.964	0.0682	0.085	2497.4204	0.76	-0.000713
2	669.352564	2.118e-27	1.049	0.0681	0.084	4049.3245	0.76	-0.000721
2	669.359633	6.673e-26	3.95	0.0744	0.102	3461.01	0.69	-0.000636
2	669.366591	1.39e-27	2.775	0.07	0.095	4262.2881	0.73	-0.00069
2	669.372697	2.188e-30	0.7205	0.0667	0.072	5457.2656	0.72	-0.002364
2	669.372835	8.662e-29	3.366	0.0752	0.102	4783.4551	0.69	-0.000624
2	669.376342	9.748e-25	3.604	0.0691	0.092	2990.803	0.74	-0.000704
2	669.377123	6.735e-30	2.532	0.0694	0.093	5355.4238	0.74	-0.000709
2	669.383914	8.344e-26	0.9027	0.0739	0.101	3122.7856	0.69	-0.000594
2	669.384012	6.661e-26	3.996	0.0736	0.101	3475.1826	0.69	-0.000642
2	669.392863	9.19e-23	2.264	0.0677	0.079	2042.0312	0.75	-0.00072
2	669.396496	1.964e-28	1.942	0.0652	0.069	4769.209	0.69	-0.000787
2	669.396986	8.654e-29	3.383	0.0744	0.102	4796.7866	0.69	-0.000636
2	669.401549	9.854e-24	2.966	0.0681	0.084	2525.6455	0.76	-0.000712
2	669.406091	1.309e-27	2.777	0.0696	0.094	4282.6313	0.74	-0.000695
2	669.410103	6.592e-26	4.035	0.0729	0.1	3490.1423	0.7	-0.000651
2	669.410759	6.282e-30	2.533	0.0691	0.092	5377.1763	0.74	-0.000704
2	669.415263	2.748e-23	1.508	0.0645	0.068	2292.6453	0.68	-0.000816
2	669.416513	9.048e-25	3.611	0.069	0.091	3013.5879	0.75	-0.000706
2	669.419997	3.161e-20	1.551	0.0675	0.077	772.1107	0.75	-0.000727
2	669.422544	8.579e-29	3.398	0.0736	0.101	4810.9023	0.69	-0.000642
2	669.424187	5.656e-24	0.7797	0.0732	0.1	2225.1934	0.7	-0.000681
2	669.432573	1.265e-28	1.931	0.0649	0.068	4865.1826	0.68	-0.000807
2	669.436469	6.472e-26	4.068	0.0723	0.099	3505.8887	0.71	-0.000666
2	669.443797	1.226e-27	2.777	0.0694	0.093	4303.7593	0.74	-0.000709
2	669.44721	1.064e-30	3.944	0.0757	0.103	5721.1016	0.69	-0.000547
2	669.449062	1.59e-29	0.9785	0.0732	0.1	4901.5249	0.7	-0.000681
2	669.449524	8.442e-29	3.411	0.0729	0.1	4825.8013	0.7	-0.000651
2	669.452824	7.987e-23	2.264	0.0676	0.078	2075.6711	0.75	-0.000725
2	669.453263	8.797e-24	2.968	0.068	0.083	2554.6528	0.76	-0.000722
2	669.457933	8.356e-25	3.617	0.0688	0.09	3037.1575	0.75	-0.000716
2	669.460706	5.831e-30	2.534	0.069	0.091	5399.6904	0.75	-0.000706
2	669.466505	6.307e-26	4.097	0.0717	0.098	3522.4221	0.71	-0.000672
2	669.467717	2.644e-26	2.039	0.07	0.095	3592.8208	0.73	-0.00069
2	669.475802	3.463e-28	2.178	0.0748	0.102	4420.814	0.69	-0.00058
2	669.477844	8.016e-29	1.92	0.0645	0.068	4964.2603	0.68	-0.000816
2	669.477904	8.249e-29	3.422	0.0723	0.099	4841.4844	0.71	-0.000666
2	669.489782	1.143e-27	2.779	0.0691	0.092	4325.6655	0.74	-0.000704
2	669.494406	5.384e-30	2.535	0.0688	0.09	5422.9966	0.75	-0.000716
2	669.495264	6.105e-26	4.123	0.0712	0.098	3539.7422	0.72	-0.000671
2	669.497899	1.571e-30	2.002	0.0678	0.08	5691.1582	0.75	-0.000724
2	669.500164	1.341e-30	2.208	0.086	0.115	5362.4707	0.74	-0.00049
2	669.50058	7.368e-28	1.263	0.0675	0.078	4345.4341	0.75	-0.000725
2	669.500847	7.677e-25	3.623	0.0687	0.089	3061.5117	0.75	-0.00071
2	669.505949	7.818e-24	2.97	0.0679	0.082	2584.4431	0.76	-0.000724
2	669.50771	8.007e-29	3.431	0.0717	0.098	4857.9512	0.71	-0.000672
2	669.509715	1.849e-30	2.71	0.0849	0.113	5367.9712	0.73	-0.000502
2	669.513347	1.844e-21	1.531	0.0678	0.08	1339.6591	0.75	-0.000723
2	669.514571	1.72e-23	1.505	0.0641	0.067	2394.8481	0.67	-0.000827
2	669.515388	4.995e-29	1.907	0.0641	0.067	5066.4399	0.67	-0.000827
2	669.515431	6.915e-23	2.265	0.0675	0.077	2110.0901	0.75	-0.000727
2	669.515784	5.701e-28	1.263	0.0849	0.113	4031.7666	0.73	-0.000502
2	669.519108	6.651e-25	2.419	0.0691	0.092	2987.3789	0.74	-0.000704
2	669.520629	2.283e-30	3.044	0.0838	0.111	5374.2573	0.72	-0.000514
2	669.525529	1.044e-27	2.104	0.0838	0.111	4038.0779	0.72	-0.000514
2	669.528	5.87e-26	4.145	0.0707	0.097	3557.8489	0.72	-0.000681
2	669.528156	1.06e-27	2.781	0.069	0.091	4348.3574	0.75	-0.000706
2	669.532905	2.655e-30	3.278	0.0826	0.11	5381.3291	0.71	-0.000531
2	669.535918	1.443e-27	2.693	0.0826	0.11	4045.1777	0.71	-0.000531
2	669.538903	7.724e-29	3.44	0.0712	0.098	4875.2012	0.72	-0.000671
2	669.544797	7.019e-25	3.628	0.0686	0.088	3086.6501	0.76	-0.000713
2	669.546544	2.972e-30	3.45	0.0815	0.109	5389.1865	0.7	-0.000546
2	669.550139	4.949e-30	2.537	0.0687	0.089	5447.0591	0.75	-0.00071
2	669.5513	1.78e-27	3.123	0.0815	0.109	4053.0664	0.7	-0.000546
2	669.552593	1.486e-26	1.337	0.0681	0.084	3703.7634	0.76	-0.000713
2	669.553681	3.061e-29	1.892	0.0636	0.067	5171.7202	0.66	-0.000848
2	669.560106	5.609e-26	4.165	0.0703	0.096	3576.7422	0.73	-0.000678
2	669.560546	6.917e-24	2.972	0.0679	0.082	2615.0151	0.75	-0.000717
2	669.561544	3.236e-30	3.577	0.0804	0.107	5397.8296	0.69	-0.000562
2	669.567769	2.061e-27	3.444	0.0804	0.107	4061.7439	0.69	-0.000562
2	669.569131	6.147e-27	0.6439	0.064	0.067	3852.9585	0.67	-0.00259
2	669.571533	7.405e-29	3.447	0.0707	0.097	4893.2349	0.72	-0.000681
2	669.577696	5.957e-23	2.265	0.0674	0.076	2145.2903	0.74	-0.000721
2	669.577904	3.453e-30	3.676	0.0793	0.106	5407.2583	0.69	-0.000575
2	669.579025	9.786e-28	2.784	0.0688	0.09	4371.8252	0.75	-0.000716
2	669.582916	2.293e-27	3.692	0.0793	0.106	4071.21	0.69	-0.000575
2	669.584527	4.525e-30	2.537	0.0686	0.088	5471.9189	0.76	-0.000713
2	669.589811	1.845e-29	1.877	0.0632	0.066	5280.0991	0.66	-0.000855
2	669.590311	6.386e-25	3.633	0.0684	0.087	3112.5732	0.76	-0.000715
2	669.595616	5.327e-26	4.182	0.07	0.095	3596.4221	0.73	-0.00069
2	669.595624	3.623e-30	3.753	0.0783	0.105	5417.4727	0.69	-0.000581
2	669.597084	2.48e-27	3.886	0.0783	0.105	4081.4648	0.69	-0.000581
2	669.605531	7.058e-29	3.454	0.0703	0.096	4912.0522	0.73	-0.000678
2	669.606459	2.341e-20	1.553	0.0673	0.076	843.0301	0.74	-0.000725
2	669.614703	3.749e-30	3.815	0.0772	0.104	5428.4722	0.69	-0.000601
2	669.614801	2.335e-26	2.042	0.0694	0.093	3634.144	0.74	-0.000709
2	669.615985	6.092e-24	2.973	0.0678	0.081	2646.3696	0.75	-0.000719
2	669.61631	1.059e-23	1.501	0.0636	0.067	2500.1523	0.66	-0.000848
2	669.617585	1.183e-29	7.108	0.082	0.109	5253.6831	0.7	-0.000463
2	669.620636	8.984e-28	2.784	0.0687	0.089	4396.0806	0.75	-0.00071
2	669.621645	2.626e-27	4.042	0.0772	0.104	4092.5083	0.69	-0.000601
2	669.62334	1.094e-29	1.861	0.0628	0.066	5391.5757	0.66	-0.000882
2	669.631221	5.03e-26	4.198	0.0696	0.094	3616.8882	0.74	-0.000695
2	669.634363	4.168e-27	3.613	0.0787	0.106	3959.6738	0.69	-0.00052
2	669.63514	3.835e-30	3.866	0.0762	0.103	5440.2573	0.69	-0.000611
2	669.637293	5.783e-25	3.638	0.0683	0.086	3139.2803	0.76	-0.000715
2	669.637457	7.404e-26	2.533	0.0767	0.104	3323.0747	0.69	-0.00053
2	669.639414	2.733e-27	4.169	0.0762	0.103	4104.3403	0.69	-0.000611
2	669.640984	6.689e-29	3.459	0.07	0.095	4931.6528	0.73	-0.00069
2	669.6436	5.114e-23	2.267	0.0673	0.076	2181.269	0.74	-0.000725
2	669.645925	4.12e-30	2.539	0.0684	0.087	5497.5293	0.76	-0.000715
2	669.653802	6.381e-30	1.844	0.0624	0.065	5506.147	0.65	-0.000905
2	669.656933	3.881e-30	3.907	0.0752	0.102	5452.8281	0.69	-0.000624
2	669.661535	2.805e-27	4.274	0.0752	0.102	4116.9604	0.69	-0.000624
2	669.669391	4.723e-26	4.212	0.0694	0.093	3638.1409	0.74	-0.000709
2	669.672353	1.571e-29	0.954	0.0739	0.101	4887.2251	0.69	-0.000677
2	669.672852	8.212e-28	2.786	0.0686	0.088	4421.1099	0.76	-0.000713
2	669.673257	5.342e-24	2.975	0.0678	0.08	2678.5056	0.75	-0.000723
2	669.677623	1.148e-25	1.801	0.0672	0.075	3393.1033	0.74	-0.000735
2	669.677776	6.304e-29	3.464	0.0696	0.094	4952.0361	0.74	-0.000695
2	669.679642	3.732e-30	2.539	0.0683	0.086	5523.9434	0.76	-0.000715
2	669.680082	3.892e-30	3.942	0.0744	0.102	5466.1836	0.69	-0.000636
2	669.680697	3.66e-30	1.825	0.0619	0.065	5623.8125	0.65	-0.000913
2	669.682668	2.834e-30	0.4897	0.0608	0.064	5418.8433	0.64	-0.002877
2	669.685189	2.844e-27	4.361	0.0744	0.102	4130.3696	0.69	-0.000636
2	669.68544	5.211e-25	3.641	0.0682	0.085	3166.7715	0.76	-0.000713
2	669.686388	1.401e-21	1.533	0.0676	0.078	1405.9847	0.75	-0.000725
2	669.703493	2.065e-30	1.804	0.0614	0.065	5744.5688	0.64	-0.000925
2	669.704586	3.869e-30	3.971	0.0736	0.101	5480.3247	0.69	-0.000642
2	669.706949	4.41e-26	4.225	0.0691	0.092	3660.1797	0.74	-0.000704
2	669.707934	4.368e-23	2.267	0.0672	0.075	2218.0293	0.74	-0.000732
2	669.708494	2.853e-27	4.435	0.0736	0.101	4144.5669	0.69	-0.000642
2	669.70882	5.696e-25	2.422	0.0688	0.09	3033.3196	0.75	-0.000716
2	669.71605	5.91e-29	3.469	0.0694	0.093	4973.2031	0.74	-0.000709
2	669.718117	7.466e-28	2.786	0.0684	0.087	4446.9287	0.76	-0.000715
2	669.719498	6.416e-24	1.497	0.0632	0.066	2608.5559	0.66	-0.000855
2	669.721626	1.146e-30	1.783	0.061	0.065	5868.4155	0.64	-0.000943
2	669.726246	6.029e-20	0.8928	0.0884	0.119	2.3413	0.78	-0.000484
2	669.730444	3.817e-30	3.997	0.0729	0.1	5495.251	0.7	-0.000651
2	669.731582	4.664e-24	2.977	0.0677	0.079	2711.4241	0.75	-0.00072
2	669.731884	2.835e-27	4.497	0.0729	0.1	4159.5527	0.7	-0.000651
2	669.735044	4.674e-25	3.645	0.0681	0.084	3195.0469	0.76	-0.000712
2	669.746139	4.096e-26	4.236	0.069	0.091	3683.0046	0.75	-0.000706
2	669.747467	3.367e-30	2.541	0.0682	0.085	5551.1006	0.76	-0.000713
2	669.755552	2.589e-28	0.7825	0.0798	0.107	4183.5537	0.69	-0.000616
2	669.755623	5.511e-29	3.473	0.0691	0.092	4995.1533	0.74	-0.000704
2	669.757653	3.737e-30	4.018	0.0723	0.099	5510.9624	0.71	-0.000666
2	669.761287	2.793e-27	4.55	0.0723	0.099	4175.3262	0.71	-0.000666
2	669.773727	6.76e-28	2.788	0.0683	0.086	4473.5186	0.76	-0.000715
2	669.774551	2.019e-26	2.044	0.069	0.091	3678.5825	0.75	-0.000706
2	669.777239	3.718e-23	2.268	0.067	0.074	2255.5667	0.73	-0.00074
2	669.779854	3.021e-30	2.54	0.0681	0.084	5579.0688	0.76	-0.000712
2	669.785797	1.579e-28	1.168	0.0689	0.091	4561.4038	0.75	-0.000716
2	669.786213	3.634e-30	4.037	0.0717	0.098	5527.459	0.71	-0.000672
2	669.786307	4.174e-25	3.65	0.068	0.083	3224.1062	0.76	-0.000722
2	669.786397	3.785e-26	4.247	0.0688	0.09	3706.6155	0.75	-0.000716
2	669.787243	2.73e-27	4.597	0.0717	0.098	4191.8882	0.71	-0.000672
2	669.791385	4.122e-24	0.4457	0.0638	0.067	2444.3237	0.67	-0.000889
2	669.791698	4.054e-24	2.979	0.0676	0.078	2745.1238	0.75	-0.000725
2	669.792219	1.749e-30	0.4707	0.0609	0.064	5509.957	0.64	-0.001009
2	669.79672	5.112e-29	3.477	0.069	0.091	5017.8862	0.75	-0.000706
2	669.800938	1.704e-20	1.554	0.067	0.074	917.0573	0.73	-0.00074
2	669.816123	3.51e-30	4.052	0.0712	0.098	5544.7402	0.72	-0.000671
2	669.816406	6.089e-28	2.789	0.0682	0.085	4500.9004	0.76	-0.000713
2	669.819462	2.649e-27	4.637	0.0712	0.098	4209.2388	0.72	-0.000671
2	669.825122	3.824e-24	1.493	0.0628	0.066	2720.0569	0.66	-0.000882
2	669.829082	6.757e-30	1.583	0.0685	0.088	5298.5464	0.76	-0.000711
2	669.829349	3.479e-26	4.256	0.0687	0.089	3731.0127	0.75	-0.00071
2	669.838427	3.709e-25	3.652	0.0679	0.082	3253.949	0.76	-0.000724
2	669.839059	4.719e-29	3.48	0.0688	0.09	5041.4019	0.75	-0.000716
2	669.841236	6.825e-30	0.5861	0.0809	0.108	4853.3091	0.7	-0.000608
2	669.843208	2.428e-29	1.268	0.0838	0.111	4707.6035	0.72	-0.000514
2	669.843582	3.149e-23	2.268	0.0669	0.074	2293.8867	0.73	-0.000738
2	669.84738	3.37e-30	4.068	0.0707	0.097	5562.8066	0.72	-0.000681
2	669.848516	5.637e-24	0.7664	0.0739	0.101	2210.678	0.69	-0.000677
2	669.849664	2.553e-27	4.674	0.0707	0.097	4227.377	0.72	-0.000681
2	669.85272	3.508e-24	2.98	0.0675	0.077	2779.6055	0.75	-0.000727
2	669.853746	8.541e-30	0.8333	0.0683	0.086	5130.1763	0.76	-0.000697
2	669.855018	2.7e-30	2.541	0.068	0.083	5607.7715	0.76	-0.000722
2	669.855262	4.457e-29	2.157	0.0826	0.11	4714.7153	0.71	-0.000531
2	669.859559	1.085e-27	1.606	0.0695	0.094	4215.9517	0.74	-0.000706
2	669.863966	1.939e-29	2.964	0.0748	0.102	5077.0283	0.69	-0.00058
2	669.867412	1.046e-21	1.534	0.0674	0.076	1475.423	0.74	-0.000721
2	669.868654	6.161e-29	2.803	0.0815	0.109	4722.6177	0.7	-0.000546
2	669.872024	3.182e-26	4.265	0.0686	0.088	3756.1953	0.76	-0.000713
2	669.879984	3.215e-30	4.08	0.0703	0.096	5581.6577	0.73	-0.000678
2	669.88175	5.462e-28	2.79	0.0681	0.084	4529.0503	0.76	-0.000712
2	669.881895	2.444e-27	4.706	0.0703	0.096	4246.3032	0.73	-0.000678
2	669.882232	5.655e-27	1.482	0.0739	0.101	3778.1821	0.69	-0.000594
2	669.882981	4.334e-29	3.483	0.0687	0.089	5065.7002	0.75	-0.00071
2	669.883382	7.586e-29	3.287	0.0804	0.107	4731.3101	0.69	-0.000562
2	669.885899	2.382e-25	0.8945	0.0767	0.104	2854.689	0.69	-0.000682
2	669.886234	2.401e-30	2.541	0.0679	0.082	5637.2944	0.76	-0.000724
2	669.892061	3.282e-25	3.656	0.0679	0.082	3284.5757	0.75	-0.000717
2	669.899448	8.768e-29	3.661	0.0793	0.106	4740.7925	0.69	-0.000575
2	669.901554	2.173e-26	1.102	0.0638	0.067	3709.6118	0.67	-0.000889
2	669.910895	4.785e-25	2.425	0.0686	0.088	3082.3708	0.76	-0.000713
2	669.913932	3.05e-30	4.091	0.07	0.095	5601.2935	0.73	-0.00069
2	669.915299	3.023e-24	2.981	0.0674	0.076	2814.8679	0.74	-0.000721
2	669.916697	2.658e-23	2.27	0.0668	0.073	2332.9822	0.73	-0.000744
2	669.916794	2.324e-27	4.732	0.07	0.095	4266.0171	0.73	-0.00069
2	669.916849	9.729e-29	3.954	0.0783	0.105	4751.0649	0.69	-0.000581
2	669.917881	2.897e-26	4.274	0.0684	0.087	3782.1638	0.76	-0.000715
2	669.919688	2.599e-27	0.9401	0.0684	0.087	3966.6602	0.76	-0.00073
2	669.924401	2.945e-30	1.378	0.0695	0.093	5392.5547	0.74	-0.000712
2	669.928068	3.962e-29	3.487	0.0686	0.088	5090.7817	0.76	-0.000713
2	669.928542	4.874e-28	2.79	0.068	0.083	4557.9956	0.76	-0.000722
2	669.929003	2.925e-22	1.227	0.069	0.092	1602.3763	0.75	-0.00071
2	669.932544	2.243e-24	1.487	0.0624	0.065	2834.6541	0.65	-0.000905
2	669.935585	1.049e-28	4.189	0.0772	0.104	4762.1274	0.69	-0.000601
2	669.945148	1.712e-26	2.046	0.0687	0.089	3726.1355	0.75	-0.00071
2	669.948171	2.89e-25	3.659	0.0678	0.081	3315.9856	0.75	-0.000719
2	669.949224	2.877e-30	4.102	0.0696	0.094	5621.7139	0.74	-0.000695
2	669.951918	2.198e-27	4.758	0.0696	0.094	4286.519	0.74	-0.000695
2	669.951946	1.209e-24	1.719	0.0739	0.101	2704.9426	0.69	-0.000594
2	669.955655	1.107e-28	4.38	0.0762	0.103	4773.9795	0.69	-0.000611
2	669.959923	8.238e-27	0.883	0.0787	0.106	3513.5942	0.69	-0.000642
2	669.963345	2.624e-26	4.282	0.0683	0.086	3808.918	0.76	-0.000715
2	669.963919	2.888e-29	2.564	0.0652	0.069	5223.7798	0.69	-0.000831
2	669.969424	2.128e-30	2.543	0.0679	0.082	5667.541	0.75	-0.000717
2	669.974821	3.603e-29	3.489	0.0684	0.087	5116.645	0.76	-0.000715
2	669.977058	1.148e-28	4.538	0.0752	0.102	4786.6216	0.69	-0.000624
2	669.978495	2.594e-24	2.983	0.0673	0.076	2850.9126	0.74	-0.000725
2	669.984125	2.066e-27	4.78	0.0694	0.093	4307.8086	0.74	-0.000709
2	669.984507	2.232e-23	2.269	0.0667	0.073	2372.8613	0.72	-0.000745
2	669.985857	2.698e-30	4.109	0.0694	0.093	5642.9194	0.74	-0.000709
2	669.986799	3.574e-30	2.075	0.0757	0.103	5339.4155	0.69	-0.000547
2	669.993355	4.334e-28	2.792	0.0679	0.082	4587.7046	0.76	-0.000724
2	669.996648	1.874e-30	2.541	0.0678	0.081	5698.6191	0.75	-0.000719
2	669.999794	1.173e-28	4.667	0.0744	0.102	4800.0537	0.69	-0.000636
2	670.00337	1.22e-20	1.555	0.0668	0.073	994.1913	0.73	-0.000744
2	670.003442	2.534e-25	3.662	0.0678	0.08	3348.179	0.75	-0.000723
2	670.012077	2.365e-26	4.288	0.0682	0.085	3836.4575	0.76	-0.000713
2	670.022633	3.262e-29	3.492	0.0683	0.086	5143.2915	0.76	-0.000715
2	670.023829	2.518e-30	4.118	0.0691	0.092	5664.9087	0.74	-0.000704
2	670.023862	1.185e-28	4.78	0.0736	0.101	4814.2754	0.69	-0.000642
2	670.026206	7.966e-30	1.284	0.0698	0.095	5165.3389	0.73	-0.000715
2	670.026951	1.931e-27	4.8	0.0691	0.092	4329.8857	0.74	-0.000704
2	670.036274	3.238e-29	1.935	0.0629	0.066	5176.1206	0.66	-0.000938
2	670.041049	3.832e-28	2.791	0.0679	0.082	4618.2124	0.75	-0.000717
2	670.041449	1.295e-24	1.482	0.0619	0.065	2952.3447	0.65	-0.000913
2	670.044315	2.216e-24	2.984	0.0672	0.075	2887.7373	0.74	-0.000732
2	670.04926	1.184e-28	4.874	0.0729	0.1	4829.2866	0.7	-0.000651
2	670.051075	1.814e-29	0.0004137	0.062	0.065	3565.1743	0.65	-0.000824
2	670.056378	7.678e-22	1.536	0.0672	0.075	1547.973	0.74	-0.000732
2	670.061392	1.869e-23	2.272	0.0666	0.072	2413.5137	0.72	-0.000748
2	670.061488	2.212e-25	3.664	0.0677	0.079	3381.1558	0.75	-0.00072
2	670.061742	2.122e-26	4.295	0.0681	0.084	3864.7825	0.76	-0.000712
2	670.063139	2.337e-30	4.126	0.069	0.091	5687.6826	0.75	-0.000706
2	670.065292	1.795e-27	4.818	0.069	0.091	4352.75	0.75	-0.000706
2	670.067424	1.753e-22	1.017	0.0705	0.096	1622.2562	0.73	-0.000709
2	670.069604	7.297e-30	0.5714	0.0636	0.067	5220.0327	0.67	-0.002628
2	670.072226	2.939e-29	3.494	0.0682	0.085	5170.7197	0.76	-0.000713
2	670.075987	1.171e-28	4.952	0.0723	0.099	4845.0879	0.71	-0.000666
2	670.082683	1.628e-27	1.827	0.0687	0.09	4186.7793	0.75	-0.000719
2	670.089607	1.647e-30	2.544	0.0678	0.08	5730.4087	0.75	-0.000723
2	670.090617	1.276e-28	2.449	0.0695	0.094	4742.9624	0.74	-0.000706
2	670.096811	1.148e-27	0.1954	0.0608	0.064	3994.3347	0.64	-0.002877
2	670.103785	2.158e-30	4.132	0.0688	0.09	5711.2407	0.75	-0.000716
2	670.104043	1.149e-28	5.022	0.0717	0.098	4861.6782	0.71	-0.000672
2	670.104086	3.876e-21	1.473	0.0884	0.119	669.7274	0.78	-0.000484
2	670.106558	1.66e-27	4.835	0.0688	0.09	4376.4023	0.75	-0.000716
2	670.110109	1.885e-24	2.985	0.067	0.074	2925.344	0.73	-0.00074
2	670.110936	1.895e-26	4.301	0.068	0.083	3893.8926	0.76	-0.000722
2	670.113049	1.438e-30	2.542	0.0677	0.079	5763.042	0.75	-0.00072
2	670.115698	3.377e-28	2.794	0.0678	0.081	4649.4795	0.75	-0.000719
2	670.119516	1.923e-25	3.668	0.0676	0.078	3414.9153	0.75	-0.000725
2	670.122735	2.636e-29	3.496	0.0681	0.084	5198.9302	0.76	-0.000712
2	670.125426	3.944e-25	2.428	0.0683	0.086	3134.532	0.76	-0.000715
2	670.125643	1.424e-26	2.048	0.0684	0.087	3776.8025	0.76	-0.000715
2	670.127526	1.071e-26	2.471	0.0892	0.12	3340.1355	0.78	-0.000525
2	670.12832	2.237e-28	4.939	0.0798	0.107	4609.605	0.69	-0.000527
2	670.130774	1.556e-23	2.271	0.0664	0.071	2454.9517	0.72	-0.000751
2	670.133426	1.119e-28	5.086	0.0712	0.098	4879.0581	0.72	-0.000671
2	670.145764	1.983e-30	4.139	0.0687	0.089	5735.583	0.75	-0.00071
2	670.147571	1.527e-27	4.85	0.0687	0.089	4400.8413	0.75	-0.00071
2	670.15093	7.353e-25	1.476	0.0614	0.065	3073.1274	0.64	-0.000925
2	670.151694	8.41e-30	3.186	0.0705	0.096	5332.7803	0.73	-0.000666
2	670.162543	2.959e-28	2.792	0.0678	0.08	4681.5503	0.75	-0.000723
2	670.163124	1.684e-26	4.306	0.0679	0.082	3923.7878	0.76	-0.000724
2	670.163865	1.011e-30	1.27	0.0826	0.11	5384.5708	0.71	-0.000531
2	670.164135	1.081e-28	5.139	0.0707	0.097	4897.2275	0.72	-0.000681
2	670.167254	6.184e-29	1.086	0.068	0.083	4793.9155	0.76	-0.000719
2	670.175183	2.353e-29	3.498	0.068	0.083	5227.9229	0.76	-0.000722
2	670.177083	1.857e-30	2.194	0.0815	0.109	5392.4863	0.7	-0.000546
2	670.178821	1.597e-24	2.987	0.0669	0.074	2963.7305	0.73	-0.000738
2	670.179546	3.688e-29	8.999e-05	0.0689	0.091	2911.9424	0.75	-0.000716
2	670.180221	1.664e-25	3.67	0.0675	0.077	3449.458	0.75	-0.000727
2	670.189075	1.813e-30	4.145	0.0686	0.088	5760.7095	0.76	-0.000713
2	670.191622	2.566e-30	2.888	0.0804	0.107	5401.1934	0.69	-0.000562
2	670.192424	1.398e-27	4.866	0.0686	0.088	4426.0679	0.76	-0.000713
2	670.196169	1.037e-28	5.186	0.0703	0.096	4916.186	0.73	-0.000678
2	670.207479	3.155e-30	3.421	0.0793	0.106	5410.6919	0.69	-0.000575
2	670.211838	1.292e-23	2.273	0.0663	0.071	2497.1599	0.71	-0.00076
2	670.213777	8.591e-21	1.557	0.0666	0.072	1074.4305	0.72	-0.000748
2	670.21581	1.253e-30	2.545	0.0676	0.078	5796.373	0.75	-0.000725
2	670.216702	1.49e-26	4.312	0.0679	0.082	3954.4683	0.75	-0.000717
2	670.224655	3.638e-30	3.84	0.0783	0.105	5420.9819	0.69	-0.000581
2	670.228356	2.091e-29	3.5	0.0679	0.082	5257.6978	0.76	-0.000724
2	670.229526	9.882e-29	5.227	0.07	0.095	4935.9341	0.73	-0.00069
2	670.232493	1.273e-27	4.879	0.0684	0.087	4452.0815	0.76	-0.000715
2	670.233715	1.649e-30	4.148	0.0684	0.087	5786.6196	0.76	-0.000715
2	670.234988	1.084e-30	2.542	0.0675	0.077	5830.562	0.75	-0.000727
2	670.238046	2.585e-28	2.794	0.0677	0.079	4714.3745	0.75	-0.00072
2	670.243053	1.434e-25	3.674	0.0674	0.076	3484.7832	0.74	-0.000721
2	670.243149	4.026e-30	4.176	0.0772	0.104	5432.063	0.69	-0.000601
2	670.247046	1.347e-24	2.988	0.0668	0.073	3002.8984	0.73	-0.000744
2	670.253274	5.541e-22	1.537	0.0669	0.074	1623.6335	0.73	-0.000738
2	670.254702	1.035e-30	3.852	0.0748	0.102	5733.6069	0.69	-0.00058
2	670.261695	4.109e-25	1.469	0.061	0.065	3196.9998	0.64	-0.000943
2	670.262959	4.327e-30	4.448	0.0762	0.103	5443.9351	0.69	-0.000611
2	670.264205	9.359e-29	5.264	0.0696	0.094	4956.4707	0.74	-0.000695
2	670.268901	1.313e-26	4.319	0.0678	0.081	3985.9333	0.75	-0.000719
2	670.279683	1.493e-30	4.153	0.0683	0.086	5813.314	0.76	-0.000715
2	670.280409	3.383e-28	2.151	0.0739	0.101	4434.0498	0.69	-0.000594
2	670.281147	1.153e-27	4.888	0.0683	0.086	4478.8818	0.76	-0.000715
2	670.28218	7.461e-24	0.3283	0.0649	0.068	2240.2375	0.68	-0.002508
2	670.282273	1.067e-23	2.272	0.0661	0.071	2540.1562	0.71	-0.00076
2	670.283677	1.85e-29	3.502	0.0679	0.082	5288.2534	0.75	-0.000717
2	670.284086	4.55e-30	4.673	0.0752	0.102	5456.5986	0.69	-0.000624
2	670.28584	2.246e-28	2.794	0.0676	0.078	4748.0078	0.75	-0.000725
2	670.300204	8.811e-29	5.297	0.0694	0.093	4977.7969	0.74	-0.000709
2	670.306528	4.701e-30	4.861	0.0744	0.102	5470.0537	0.69	-0.000636
2	670.306676	1.23e-25	3.676	0.0673	0.076	3520.8911	0.74	-0.000725
2	670.316923	4.343e-26	1.328	0.0677	0.079	3502.2546	0.75	-0.000718
2	670.318542	1.163e-26	2.051	0.0682	0.085	3830.582	0.76	-0.000713
2	670.31885	1.131e-24	2.988	0.0667	0.073	3042.8459	0.72	-0.000745
2	670.326975	1.346e-30	4.159	0.0682	0.085	5840.7915	0.76	-0.000713
2	670.327139	1.151e-26	4.322	0.0678	0.08	4018.1831	0.75	-0.000723
2	670.328033	1.04e-27	4.901	0.0682	0.085	4506.4692	0.76	-0.000713
2	670.330284	4.788e-30	5.019	0.0736	0.101	5484.2993	0.69	-0.000642
2	670.337522	8.247e-29	5.328	0.0691	0.092	4999.9116	0.74	-0.000704
2	670.339475	1.63e-29	3.505	0.0678	0.081	5319.5918	0.75	-0.000719
2	670.34732	1.657e-23	1.091	0.0714	0.098	2112.9624	0.71	-0.000646
2	670.35273	3.192e-25	2.431	0.0681	0.084	3189.8018	0.76	-0.000712
2	670.355353	4.816e-30	5.153	0.0729	0.1	5499.3359	0.7	-0.000651
2	670.367712	8.785e-24	2.274	0.0659	0.07	2583.9197	0.71	-0.000769
2	670.370779	1.051e-25	3.679	0.0672	0.075	3557.7817	0.74	-0.000732
2	670.372631	1.945e-28	2.796	0.0675	0.077	4782.3877	0.75	-0.000727
2	670.373884	2.26e-25	1.462	0.0606	0.064	3323.9602	0.64	-0.000959
2	670.375591	1.207e-30	4.162	0.0681	0.084	5869.0532	0.76	-0.000712
2	670.375707	9.333e-28	4.91	0.0681	0.084	4534.8428	0.76	-0.000712
2	670.376158	7.675e-29	5.355	0.069	0.091	5022.8154	0.75	-0.000706
2	670.381157	8.187e-26	0.901	0.0732	0.1	3136.553	0.7	-0.000619
2	670.381597	1.005e-26	4.328	0.0677	0.079	4051.2173	0.75	-0.00072
2	670.381734	4.793e-30	5.269	0.0723	0.099	5515.1636	0.71	-0.000666
2	670.389505	9.464e-25	2.99	0.0666	0.072	3083.5747	0.72	-0.000748
2	670.397695	1.429e-29	3.506	0.0678	0.08	5351.7109	0.75	-0.000723
2	670.409426	4.724e-30	5.368	0.0717	0.098	5531.7822	0.71	-0.000672
2	670.41588	1.675e-28	2.795	0.0674	0.076	4817.5845	0.74	-0.000721
2	670.416109	7.104e-29	5.38	0.0688	0.09	5046.5078	0.75	-0.000716
2	670.416958	6.092e-30	1.657	0.0668	0.073	5417.2856	0.73	-0.000772
2	670.421661	1.168e-29	6.673	0.0809	0.108	5261.5771	0.7	-0.000505
2	670.425525	1.078e-30	4.167	0.068	0.083	5898.0977	0.76	-0.000722
2	670.426594	8.336e-28	4.92	0.068	0.083	4564.0034	0.76	-0.000722
2	670.432096	5.95e-21	1.558	0.0663	0.071	1157.774	0.71	-0.00076
2	670.436456	8.936e-26	3.68	0.067	0.074	3595.4543	0.73	-0.00074
2	670.438238	4.13e-27	3.511	0.0777	0.105	3969.8999	0.69	-0.000519
2	670.438428	4.616e-30	5.455	0.0712	0.098	5549.1914	0.72	-0.000671
2	670.439465	7.194e-24	2.272	0.0658	0.07	2628.4739	0.7	-0.000771
2	670.440683	1.608e-27	0.9805	0.0853	0.114	3736.457	0.74	-0.000645
2	670.441752	8.733e-27	4.331	0.0676	0.078	4085.0361	0.75	-0.000725
2	670.445138	7.307e-26	2.492	0.0757	0.103	3334.8523	0.69	-0.000547
2	670.456069	1.247e-29	3.506	0.0677	0.079	5384.6123	0.75	-0.00072
2	670.457374	6.54e-29	5.402	0.0687	0.089	5070.9888	0.75	-0.00071
2	670.458158	3.933e-22	1.539	0.0667	0.073	1702.4031	0.72	-0.000745
2	670.463923	7.884e-25	2.992	0.0664	0.071	3125.0825	0.72	-0.000751
2	670.464142	1.057e-29	1.253	0.0673	0.076	5225.5054	0.74	-0.00073
2	670.464967	4.988e-28	0.0003643	0.0654	0.069	2814.7451	0.69	-0.004182
2	670.468739	4.474e-30	5.531	0.0707	0.097	5567.3916	0.72	-0.000681
2	670.473001	3.357e-22	3.279	0.0884	0.119	1337.4814	0.78	-0.000484
2	670.477267	7.412e-28	4.929	0.0679	0.082	4593.9507	0.76	-0.000724
2	670.486846	1.223e-25	1.454	0.0602	0.064	3454.0061	0.64	-0.000972
2	670.487067	1.522e-26	1.22	0.0682	0.085	3673.8933	0.76	-0.000698
2	670.499147	1.704e-28	1.166	0.069	0.092	4537.9575	0.75	-0.000714
2	670.499952	5.99e-29	5.423	0.0686	0.088	5096.2583	0.76	-0.000713
2	670.500357	4.304e-30	5.598	0.0703	0.096	5586.3823	0.73	-0.000678
2	670.500574	7.556e-27	4.335	0.0675	0.077	4119.6392	0.75	-0.000727
2	670.503431	7.569e-26	3.682	0.0669	0.074	3633.9092	0.73	-0.000738
2	670.509445	1.438e-28	2.796	0.0673	0.076	4853.519	0.74	-0.000725
2	670.517222	1.084e-29	3.508	0.0676	0.078	5418.2935	0.75	-0.000725
2	670.521746	9.323e-27	2.054	0.068	0.083	3887.4739	0.76	-0.000722
2	670.525184	2.225e-28	0.7051	0.0809	0.108	4174.1255	0.7	-0.000608
2	670.527159	6.559e-28	4.937	0.0679	0.082	4624.6836	0.75	-0.000717
2	670.528042	1.371e-30	1.998	0.0677	0.079	5723.1343	0.75	-0.000727
2	670.529244	5.877e-24	2.275	0.0656	0.069	2673.7913	0.7	-0.000775
2	670.533281	4.112e-30	5.658	0.07	0.095	5606.1636	0.73	-0.00069
2	670.5378	6.54e-25	2.993	0.0663	0.071	3167.3716	0.71	-0.00076
2	670.540015	1.775e-24	0.8271	0.0725	0.1	2496.2373	0.7	-0.000637
2	670.54063	5.395e-28	1.395	0.0705	0.096	4297.9946	0.73	-0.000709
2	670.54384	5.458e-29	5.442	0.0684	0.087	5122.3164	0.76	-0.000715
2	670.554363	2.162e-25	1.397	0.0884	0.119	2673.4807	0.78	-0.000484
2	670.556169	1.227e-28	2.793	0.0672	0.075	4890.2783	0.74	-0.000732
2	670.561314	6.51e-27	4.339	0.0674	0.076	4155.0264	0.74	-0.000721
2	670.56751	3.903e-30	5.712	0.0696	0.094	5626.7349	0.74	-0.000695
2	670.571585	6.383e-26	3.684	0.0668	0.073	3673.146	0.73	-0.000744
2	670.578117	9.382e-30	3.51	0.0675	0.077	5452.7578	0.75	-0.000727
2	670.583672	5.778e-28	4.945	0.0678	0.081	4656.2031	0.75	-0.000719
2	670.588666	7.819e-30	1.289	0.0725	0.1	5124.6978	0.7	-0.000637
2	670.589038	4.948e-29	5.459	0.0683	0.086	5149.1626	0.76	-0.000715
2	670.593312	2.537e-25	2.434	0.0679	0.082	3248.1794	0.76	-0.000724
2	670.594196	1.901e-28	0.237	0.0614	0.065	4396.0352	0.65	-0.002825
2	670.60117	4.772e-24	2.273	0.0654	0.069	2719.9028	0.69	-0.000785
2	670.601514	6.513e-26	1.445	0.0597	0.064	3587.1355	0.64	-0.000995
2	670.603041	3.681e-30	5.759	0.0694	0.093	5648.0972	0.74	-0.000709
2	670.604422	5.377e-29	1.361	0.0725	0.1	4739.2661	0.7	-0.000637
2	670.612592	6.63e-29	1.035	0.0681	0.084	4763.9683	0.76	-0.000713
2	670.614563	5.403e-25	2.994	0.0661	0.071	3210.4387	0.71	-0.00076
2	670.615366	5.239e-30	0.4778	0.082	0.109	4844.6523	0.7	-0.000617
2	670.623515	5.584e-27	4.343	0.0673	0.076	4191.1973	0.74	-0.000725
2	670.635251	5.067e-28	4.952	0.0678	0.08	4688.5088	0.75	-0.000723
2	670.635541	4.464e-29	5.475	0.0682	0.085	5176.7969	0.76	-0.000713
2	670.639513	6.138e-30	1.586	0.0684	0.087	5324.2129	0.76	-0.000702
2	670.639875	3.45e-30	5.801	0.0691	0.092	5670.249	0.74	-0.000704
2	670.640851	5.361e-26	3.686	0.0667	0.073	3713.1646	0.72	-0.000745
2	670.642243	8.084e-30	3.511	0.0674	0.076	5488.001	0.74	-0.000721
2	670.649859	2.294e-25	0.8758	0.0777	0.105	2842.9436	0.69	-0.000669
2	670.652314	1.046e-28	2.799	0.067	0.074	4927.7656	0.73	-0.00074
2	670.658337	4.054e-21	1.56	0.0659	0.07	1244.2205	0.71	-0.000769
2	670.670833	2.745e-22	1.54	0.0664	0.071	1784.2806	0.72	-0.000751
2	670.670851	1.886e-29	2.915	0.0739	0.101	5090.2896	0.69	-0.000594
2	670.678008	3.215e-30	5.84	0.069	0.091	5693.1914	0.75	-0.000706
2	670.68335	4.008e-29	5.49	0.0681	0.084	5205.2197	0.76	-0.000712
2	670.687108	5.522e-27	1.473	0.0732	0.1	3792.1697	0.7	-0.000619
2	670.687357	4.77e-27	4.347	0.0672	0.075	4228.1523	0.74	-0.000732
2	670.690418	4.445e-25	2.995	0.0659	0.07	3254.2874	0.71	-0.000769
2	670.693711	8.846e-29	2.794	0.0669	0.074	4966.0884	0.73	-0.000738
2	670.696246	3.868e-24	2.276	0.0652	0.069	2766.7729	0.69	-0.000787
2	670.698187	4.424e-28	4.96	0.0677	0.079	4721.6001	0.75	-0.00072
2	670.702829	1.61e-23	1.107	0.0709	0.097	2130.6255	0.72	-0.000662
2	670.705592	6.935e-30	3.512	0.0673	0.076	5524.0269	0.74	-0.000725
2	670.712454	4.483e-26	3.688	0.0666	0.072	3753.9646	0.72	-0.000748
2	670.715227	3.414e-26	1.436	0.0593	0.063	3723.3462	0.64	-0.001009
2	670.71744	2.98e-30	5.876	0.0688	0.09	5716.9238	0.75	-0.000716
2	670.727731	7.527e-27	0.8363	0.0798	0.107	3503.3977	0.69	-0.000616
2	670.732462	3.582e-29	5.505	0.068	0.083	5234.4297	0.76	-0.000722
2	670.735909	7.341e-27	2.056	0.0679	0.082	3947.4766	0.75	-0.000717
2	670.750596	3.845e-28	4.966	0.0676	0.078	4755.4771	0.75	-0.000725
2	670.7524	4.056e-27	4.35	0.067	0.074	4265.8906	0.73	-0.00074
2	670.755678	2.62e-27	1.045	0.0683	0.086	3992.3735	0.76	-0.000732
2	670.758168	2.746e-30	5.907	0.0687	0.089	5741.4463	0.75	-0.00071
2	670.759813	2.068e-29	0.238	0.0578	0.062	4895.6655	0.64	-0.001162
2	670.760513	1.18e-24	1.708	0.0732	0.1	2719.0505	0.7	-0.000619
2	670.768235	3.115e-24	2.274	0.0651	0.068	2814.4419	0.69	-0.0008
2	670.769259	9.616e-30	1.495	0.0666	0.072	5302.1235	0.72	-0.000718
2	670.769847	3.642e-25	2.996	0.0658	0.07	3298.9131	0.7	-0.000771
2	670.772747	5.925e-30	3.513	0.0672	0.075	5560.8306	0.74	-0.000732
2	670.782264	8.379e-30	1.276	0.0701	0.095	5144.9546	0.73	-0.000717
2	670.782875	3.185e-29	5.517	0.0679	0.082	5264.4277	0.76	-0.000724
2	670.784358	3.734e-26	3.69	0.0664	0.071	3795.5464	0.72	-0.000751
2	670.794687	3.529e-30	2.058	0.0748	0.102	5351.9419	0.69	-0.00058
2	670.800192	2.517e-30	5.936	0.0686	0.088	5766.7583	0.76	-0.000713
2	670.803112	7.473e-29	2.798	0.0668	0.073	5005.1274	0.73	-0.000744
2	670.8112	3.327e-28	4.972	0.0675	0.077	4790.1401	0.75	-0.000727
2	670.8177	3.435e-27	4.353	0.0669	0.074	4304.4126	0.73	-0.000738
2	670.827758	1.761e-26	1.426	0.0589	0.063	3862.6357	0.64	-0.001015
2	670.834586	2.819e-29	5.528	0.0679	0.082	5295.2134	0.75	-0.000717
2	670.838469	5.04e-30	3.514	0.067	0.074	5598.418	0.73	-0.00074
2	670.840273	6.268e-29	2.794	0.0667	0.073	5045.0137	0.72	-0.000745
2	670.841248	9.573e-29	0.1471	0.0593	0.064	4463.5352	0.64	-0.003025
2	670.843134	1.929e-29	0.0001477	0.0688	0.09	3160.3157	0.75	-0.003774
2	670.843509	2.296e-30	5.964	0.0684	0.087	5792.8604	0.76	-0.000715
2	670.846061	1.981e-25	2.438	0.0678	0.081	3309.6643	0.75	-0.000719
2	670.846199	5.256e-29	1.374	0.0719	0.099	4755.459	0.71	-0.000649
2	670.848825	2.972e-25	2.997	0.0656	0.069	3344.3203	0.7	-0.000775
2	670.857497	3.097e-26	3.692	0.0663	0.071	3837.9092	0.71	-0.00076
2	670.857584	3.139e-30	0.7332	0.0669	0.073	5377.6035	0.73	-0.002352
2	670.869359	2.504e-24	2.276	0.0649	0.068	2862.8633	0.68	-0.000807
2	670.869561	2.866e-28	4.978	0.0674	0.076	4825.5879	0.74	-0.000721
2	670.886346	2.897e-27	4.357	0.0668	0.073	4343.7178	0.73	-0.000744
2	670.887594	2.484e-29	5.54	0.0678	0.081	5326.7866	0.75	-0.000719
2	670.888117	2.083e-30	5.988	0.0683	0.086	5819.7515	0.76	-0.000715
2	670.891441	1.885e-22	1.542	0.0661	0.071	1869.2648	0.71	-0.00076
2	670.892422	2.717e-21	1.561	0.0656	0.069	1333.7679	0.7	-0.000775
2	670.897218	4.325e-21	1.296	0.0878	0.118	672.0676	0.77	-0.000398
2	670.90433	1.609e-29	0.969	0.0747	0.102	4872.6924	0.69	-0.000681
2	670.905938	5.729e-24	0.7727	0.0747	0.102	2196.3093	0.69	-0.000681
2	670.906358	1.186e-27	0.3285	0.0669	0.073	3991.4971	0.73	-0.002352
2	670.908473	1.185e-26	1.972	0.0884	0.119	3341.7026	0.78	-0.000484
2	670.908718	4.269e-30	3.515	0.0669	0.074	5636.7822	0.73	-0.000738
2	670.913155	1.187e-28	2.442	0.0692	0.093	4764.1729	0.74	-0.000704
2	670.927835	1.484e-30	3.137	0.0879	0.118	5337.4185	0.77	-0.000477
2	670.931428	2.415e-25	2.998	0.0654	0.069	3390.5039	0.69	-0.000785
2	670.932026	2.459e-28	4.985	0.0673	0.076	4861.8213	0.74	-0.000725
2	670.933405	2.558e-26	3.694	0.0661	0.071	3881.053	0.71	-0.00076
2	670.933894	2.212e-28	4.746	0.0787	0.106	4619.0615	0.69	-0.00052
2	670.934015	1.88e-30	6.01	0.0682	0.085	5847.4326	0.76	-0.000713
2	670.940184	2e-24	2.274	0.0647	0.068	2912.0891	0.68	-0.000809
2	670.941022	1.489e-27	1.826	0.0686	0.089	4211.0542	0.76	-0.000717
2	670.94163	8.936e-27	1.414	0.0584	0.063	4005.0022	0.64	-0.001038
2	670.941896	2.179e-29	5.551	0.0678	0.08	5359.147	0.75	-0.000723
2	670.955607	2.432e-27	4.359	0.0667	0.073	4383.8057	0.72	-0.000745
2	670.960383	5.253e-29	2.799	0.0666	0.072	5085.6021	0.72	-0.000748
2	670.961222	5.679e-27	2.059	0.0678	0.08	4010.5891	0.75	-0.000723
2	670.970174	7.989e-26	0.9008	0.0725	0.1	3151.5049	0.7	-0.000637
2	670.971511	7.917e-30	3.166	0.0701	0.095	5351.6689	0.73	-0.000671
2	670.974722	2.056e-30	3.137	0.086	0.115	5345.9697	0.74	-0.00049
2	670.976719	3.601e-30	3.516	0.0668	0.073	5675.9302	0.73	-0.000744
2	670.979832	2.875e-29	0.0003817	0.0624	0.066	3447.783	0.65	-0.000816
2	670.9812	1.689e-30	6.032	0.0681	0.084	5875.9028	0.76	-0.000712
2	670.991984	4.367e-29	2.793	0.0664	0.071	5127.0527	0.72	-0.000751
2	670.995141	2.1e-28	4.99	0.0672	0.075	4898.8398	0.74	-0.000732
2	670.996887	1.006e-26	0.6594	0.0645	0.068	3749.4043	0.68	-0.002556
2	670.99749	1.902e-29	5.56	0.0677	0.079	5392.2949	0.75	-0.00072
2	671.009858	2.104e-26	3.696	0.0659	0.07	3924.9778	0.71	-0.000769
2	671.012505	1.955e-25	2.999	0.0652	0.069	3437.4692	0.69	-0.000787
2	671.024774	2.034e-27	4.363	0.0666	0.072	4424.6772	0.72	-0.000748
2	671.029671	1.51e-30	6.051	0.068	0.083	5905.1621	0.76	-0.000722
2	671.038642	2.541e-30	3.138	0.0838	0.111	5357.6309	0.72	-0.000514
2	671.047966	1.596e-24	2.278	0.0645	0.068	2962.0605	0.68	-0.000816
2	671.050144	3.025e-30	3.517	0.0667	0.073	5715.854	0.72	-0.000745
2	671.054374	1.654e-29	5.571	0.0676	0.078	5426.2295	0.75	-0.000725
2	671.054965	4.464e-27	1.403	0.058	0.063	4150.4429	0.64	-0.00105
2	671.062026	1.786e-28	4.995	0.067	0.074	4936.6431	0.73	-0.00074
2	671.065371	1.002e-30	3.772	0.0739	0.101	5746.8931	0.69	-0.000594
2	671.079425	1.343e-30	6.068	0.0679	0.082	5935.2109	0.76	-0.000724
2	671.086687	3.289e-28	2.129	0.0732	0.1	4448.064	0.7	-0.000619
2	671.087006	1.723e-26	3.697	0.0658	0.07	3969.6833	0.7	-0.000771
2	671.096642	1.693e-27	4.365	0.0664	0.071	4466.3311	0.72	-0.000751
2	671.098173	1.576e-25	3.0	0.0651	0.068	3485.2097	0.69	-0.0008
2	671.100614	5.54e-28	1.276	0.0673	0.076	4414.2993	0.74	-0.00073
2	671.110859	1.52e-25	2.442	0.0677	0.079	3374.2551	0.75	-0.00072
2	671.112546	1.431e-29	5.579	0.0675	0.077	5460.9512	0.75	-0.000727
2	671.117256	1.264e-24	2.274	0.0643	0.067	3012.843	0.67	-0.000818
2	671.119581	2.923e-30	3.141	0.0815	0.109	5372.4014	0.7	-0.000546
2	671.119767	1.273e-22	1.543	0.0658	0.07	1957.354	0.7	-0.000771
2	671.120313	2.53e-30	3.518	0.0666	0.072	5756.5625	0.72	-0.000748
2	671.120613	1.181e-26	1.348	0.0679	0.082	3762.542	0.75	-0.000712
2	671.124214	3.631e-29	2.799	0.0663	0.071	5169.1885	0.71	-0.00076
2	671.125064	1.512e-28	4.999	0.0669	0.074	4975.2314	0.73	-0.000738
2	671.13046	1.189e-30	6.083	0.0679	0.082	5966.0483	0.75	-0.000717
2	671.134391	1.792e-21	1.563	0.0652	0.069	1426.4153	0.69	-0.000787
2	671.142657	1.199e-30	2.01	0.0676	0.078	5756.2974	0.75	-0.000718
2	671.148736	2.993e-29	2.793	0.0661	0.071	5212.2041	0.71	-0.00076
2	671.152546	5.503e-29	1.536	0.0888	0.119	4395.2871	0.77	-0.000469
2	671.156066	3.181e-29	1.229	0.0902	0.121	4392.9526	0.78	-0.000461
2	671.157956	9.358e-29	1.719	0.087	0.116	4402.2754	0.76	-0.000482
2	671.165363	1.255e-28	1.776	0.0849	0.113	4412.3691	0.73	-0.000502
2	671.166416	5.14e-30	3.703	0.0884	0.119	5064.1089	0.78	-0.000484
2	671.167114	2.194e-27	1.39	0.0577	0.062	4298.9551	0.64	-0.00107
2	671.167295	1.406e-26	3.7	0.0656	0.069	4015.1692	0.7	-0.000775
2	671.168869	1.404e-27	4.368	0.0663	0.071	4508.7676	0.71	-0.00076
2	671.172002	1.233e-29	5.588	0.0674	0.076	5496.4595	0.74	-0.000721
2	671.172374	7.53e-29	1.659	0.0879	0.118	4398.376	0.77	-0.000477
2	671.17528	1.51e-28	1.799	0.0826	0.11	4425.5688	0.71	-0.000531
2	671.180779	1.265e-25	3.001	0.0649	0.068	3533.7324	0.68	-0.000807
2	671.182775	1.048e-30	6.1	0.0678	0.081	5997.6743	0.75	-0.000719
2	671.187006	1.699e-28	1.81	0.0804	0.107	4441.8735	0.69	-0.000562
2	671.1914	1.275e-28	5.005	0.0668	0.073	5014.604	0.73	-0.000744
2	671.197013	2.107e-30	3.518	0.0664	0.071	5798.0449	0.72	-0.000751
2	671.197214	4.318e-27	2.062	0.0676	0.078	4076.8108	0.75	-0.000725
2	671.197947	1.105e-28	1.757	0.086	0.115	4406.8975	0.74	-0.00049
2	671.20121	1.821e-28	1.816	0.0783	0.105	4461.2832	0.69	-0.000581
2	671.217517	3.191e-30	3.142	0.0793	0.106	5390.2808	0.69	-0.000575
2	671.217632	1.877e-28	1.819	0.0762	0.103	4483.7983	0.69	-0.000611
2	671.22704	1.151e-29	6.325	0.0798	0.107	5270.2607	0.69	-0.000527
2	671.230828	8.406e-26	1.823	0.067	0.074	3467.26	0.73	-0.00075
2	671.23194	1e-24	2.277	0.0641	0.067	3064.3628	0.67	-0.000827
2	671.232718	1.394e-28	1.794	0.0838	0.111	4418.5181	0.72	-0.000514
2	671.232741	1.058e-29	5.598	0.0673	0.076	5532.7544	0.74	-0.000725
2	671.233692	9.463e-28	4.065	0.0884	0.119	4010.2625	0.78	-0.000484
2	671.23595	1.571e-29	0.947	0.0757	0.103	4859.8467	0.69	-0.000687
2	671.236117	1.872e-28	1.82	0.0744	0.102	4509.4175	0.69	-0.000636
2	671.240382	2.537e-24	0.4495	0.0634	0.066	2551.011	0.66	-0.000907
2	671.241671	1.159e-27	4.369	0.0661	0.071	4551.9863	0.71	-0.00076
2	671.246523	1.142e-26	3.7	0.0654	0.069	4061.4353	0.69	-0.000785
2	671.248928	4.073e-27	3.425	0.0767	0.104	3980.9124	0.69	-0.00053
2	671.253611	7.174e-26	2.458	0.0748	0.102	3347.4148	0.69	-0.00058
2	671.256634	1.813e-28	1.819	0.0729	0.1	4538.1406	0.7	-0.000651
2	671.258646	1.07e-28	5.007	0.0667	0.073	5054.7612	0.72	-0.000745
2	671.261922	3.497e-22	2.694	0.0878	0.118	1339.8315	0.77	-0.000398
2	671.26922	1.748e-30	3.519	0.0663	0.071	5840.3125	0.71	-0.00076
2	671.269912	1.011e-25	3.0	0.0647	0.068	3583.0291	0.68	-0.000809
2	671.276584	1.619e-28	1.812	0.0815	0.109	4433.2373	0.7	-0.000546
2	671.27731	1.831e-28	1.165	0.0692	0.093	4515.2285	0.74	-0.000707
2	671.27793	1.061e-27	1.377	0.0573	0.062	4450.5371	0.64	-0.00107
2	671.279214	1.711e-28	1.817	0.0717	0.098	4569.9678	0.71	-0.000672
2	671.294635	8.864e-20	0.8615	0.0871	0.116	7.8043	0.76	-0.000345
2	671.294703	2.469e-29	2.8	0.0659	0.07	5255.8848	0.71	-0.000769
2	671.29476	9.032e-30	5.603	0.0672	0.075	5569.8354	0.74	-0.000732
2	671.298858	7.858e-25	2.274	0.0639	0.067	3116.7017	0.67	-0.00084
2	671.29941	1.83e-28	0.6159	0.082	0.109	4165.4834	0.7	-0.000617
2	671.303667	1.576e-28	1.815	0.0707	0.097	4604.8979	0.72	-0.000681
2	671.310413	2.018e-29	2.793	0.0658	0.07	5300.4663	0.7	-0.000771
2	671.316087	9.535e-28	4.374	0.0659	0.07	4595.9873	0.71	-0.000769
2	671.327	9.241e-27	3.702	0.0652	0.069	4108.4819	0.69	-0.000787
2	671.329858	1.419e-28	1.812	0.07	0.095	4642.9307	0.73	-0.00069
2	671.330086	1.778e-28	1.823	0.0793	0.106	4451.0547	0.69	-0.000575
2	671.332426	3.345e-30	3.146	0.0772	0.104	5411.269	0.69	-0.000601
2	671.332588	8.948e-29	5.013	0.0666	0.072	5095.7026	0.72	-0.000748
2	671.349313	1.444e-30	3.52	0.0661	0.071	5883.353	0.71	-0.00076
2	671.354318	8.054e-26	3.002	0.0645	0.068	3633.1082	0.68	-0.000816
2	671.355944	8.462e-23	1.545	0.0654	0.069	2048.5469	0.69	-0.000785
2	671.358056	7.68e-30	5.61	0.067	0.074	5607.7031	0.73	-0.00074
2	671.358126	1.25e-28	1.808	0.0694	0.093	4684.0659	0.74	-0.000709
2	671.384107	1.163e-21	1.565	0.0649	0.068	1522.1611	0.68	-0.000807
2	671.387591	1.146e-25	2.445	0.0675	0.077	3441.9512	0.75	-0.000727
2	671.387701	1.079e-28	1.804	0.069	0.091	4728.3022	0.75	-0.000706
2	671.390622	5.052e-28	1.363	0.0569	0.062	4605.186	0.64	-0.001085
2	671.390801	3.641e-30	0.3579	0.0831	0.111	4836.7827	0.71	-0.000631
2	671.392581	1.871e-28	1.831	0.0772	0.104	4471.9697	0.69	-0.000601
2	671.396246	7.808e-28	4.376	0.0658	0.07	4640.7705	0.7	-0.000771
2	671.399017	5.632e-24	0.7601	0.0757	0.103	2183.2898	0.69	-0.000687
2	671.399827	7.449e-29	5.017	0.0664	0.071	5137.4277	0.72	-0.000751
2	671.410112	7.447e-27	3.704	0.0651	0.068	4156.3076	0.69	-0.0008
2	671.415586	2.178e-25	0.8533	0.0787	0.106	2831.9824	0.69	-0.000642
2	671.419259	9.128e-29	1.799	0.0687	0.089	4775.6396	0.75	-0.00071
2	671.421823	6.171e-25	2.279	0.0636	0.067	3169.7686	0.66	-0.000848
2	671.422627	6.503e-30	5.618	0.0669	0.074	5646.3564	0.73	-0.000738
2	671.423407	1.188e-30	3.521	0.0659	0.07	5927.1792	0.71	-0.000769
2	671.443647	3.227e-27	2.065	0.0674	0.076	4146.1401	0.74	-0.000721
2	671.446622	6.388e-26	3.003	0.0643	0.067	3683.96	0.67	-0.000818
2	671.452011	7.573e-29	1.794	0.0684	0.087	4826.0771	0.76	-0.000715
2	671.455577	6.958e-30	0.8412	0.0681	0.084	5184.666	0.76	-0.000713
2	671.456096	9.507e-28	1.622	0.069	0.092	4258.7783	0.75	-0.00071
2	671.461398	5.095e-30	0.4892	0.0612	0.065	5291.8379	0.65	-0.002844
2	671.46428	3.387e-30	3.148	0.0752	0.102	5435.3657	0.69	-0.000624
2	671.464286	1.899e-28	1.835	0.0752	0.102	4495.9829	0.69	-0.000624
2	671.464781	1.89e-29	2.602	0.0648	0.068	5319.7744	0.68	-0.000849
2	671.468671	6.368e-28	4.379	0.0656	0.069	4686.3354	0.7	-0.000775
2	671.471656	6.176e-29	5.021	0.0663	0.071	5179.937	0.71	-0.00076
2	671.471677	1.344e-26	1.117	0.0634	0.066	3816.2935	0.66	-0.000907
2	671.47196	1.651e-29	2.799	0.0656	0.069	5345.6895	0.7	-0.000775
2	671.476888	1.338e-29	2.791	0.0654	0.069	5391.8374	0.69	-0.000785
2	671.478178	1.826e-29	2.873	0.0732	0.1	5104.3301	0.7	-0.000619
2	671.484726	3.344e-30	1.392	0.0701	0.095	5351.4941	0.73	-0.000717
2	671.485661	4.808e-25	2.274	0.0634	0.066	3223.6638	0.66	-0.000857
2	671.485675	5.55e-30	1.588	0.0683	0.086	5350.6216	0.76	-0.000697
2	671.486093	6.165e-29	1.788	0.0682	0.085	4879.6143	0.76	-0.000713
2	671.488469	5.482e-30	5.624	0.0668	0.073	5685.7959	0.73	-0.000744
2	671.493124	5.364e-27	1.465	0.0725	0.1	3806.9343	0.7	-0.000637
2	671.49471	5.976e-27	3.705	0.0649	0.068	4204.9136	0.68	-0.000807
2	671.497549	6.708e-27	0.7815	0.0809	0.108	3493.9856	0.7	-0.000608
2	671.497602	2.366e-28	1.347	0.0565	0.062	4762.8989	0.65	-0.001096
2	671.502799	3.165e-27	0.9477	0.0686	0.089	3914.2029	0.76	-0.000711
2	671.521153	2.511e-22	1.239	0.0687	0.09	1648.421	0.75	-0.000719
2	671.521564	4.927e-29	1.781	0.068	0.083	4936.25	0.76	-0.000722
2	671.533686	5.046e-26	3.004	0.0641	0.067	3735.5947	0.67	-0.000827
2	671.539348	8.757e-30	1.267	0.0705	0.096	5125.354	0.73	-0.000709
2	671.544761	5.098e-29	5.025	0.0661	0.071	5223.23	0.71	-0.00076
2	671.545544	1.871e-28	1.84	0.0736	0.101	4523.0928	0.69	-0.000642
2	671.552795	5.172e-28	4.381	0.0654	0.069	4732.6816	0.69	-0.000785
2	671.555581	4.602e-30	5.63	0.0667	0.073	5726.021	0.72	-0.000745
2	671.557499	3.866e-29	1.774	0.0679	0.082	4995.9834	0.75	-0.000717
2	671.55829	3.286e-29	6.901e-05	0.0692	0.093	2865.8286	0.74	-0.000707
2	671.574173	1.145e-24	1.699	0.0725	0.1	2733.9387	0.7	-0.000637
2	671.579074	4.777e-27	3.707	0.0647	0.068	4254.2988	0.68	-0.000809
2	671.594866	2.979e-29	1.766	0.0678	0.08	5058.8135	0.75	-0.000723
2	671.599913	5.533e-23	1.547	0.0651	0.068	2142.8418	0.69	-0.0008
2	671.602381	1.091e-28	1.332	0.0562	0.061	4923.6733	0.65	-0.001111
2	671.60637	3.465e-30	2.044	0.0739	0.101	5365.249	0.69	-0.000594
2	671.607853	1.925e-22	1.026	0.0714	0.098	1585.5905	0.71	-0.000692
2	671.613044	3.33e-30	3.152	0.0736	0.101	5462.5708	0.69	-0.000642
2	671.617851	3.747e-25	2.279	0.0632	0.066	3278.2756	0.66	-0.000855
2	671.619138	4.192e-29	5.029	0.0659	0.07	5267.3066	0.71	-0.000769
2	671.620889	2.389e-23	4.739	0.0878	0.118	2007.9543	0.77	-0.000398
2	671.623959	3.847e-30	5.636	0.0666	0.072	5767.0317	0.72	-0.000748
2	671.628968	3.97e-26	3.005	0.0639	0.067	3788.0007	0.67	-0.00084
2	671.633112	2.256e-29	1.758	0.0676	0.078	5124.7397	0.75	-0.000725
2	671.634292	1.206e-29	0.5821	0.064	0.067	5113.5137	0.67	-0.00259
2	671.635084	4.184e-28	4.384	0.0652	0.069	4779.8096	0.69	-0.000787
2	671.635907	1.793e-28	1.844	0.0723	0.099	4553.3003	0.71	-0.000666
2	671.641669	7.425e-22	1.567	0.0645	0.068	1621.0035	0.68	-0.000816
2	671.648023	8.726e-30	2.789	0.0651	0.068	5486.3164	0.69	-0.0008
2	671.656107	1.086e-29	2.798	0.0652	0.069	5438.6006	0.69	-0.000787
2	671.666911	3.803e-27	3.708	0.0645	0.068	4304.4634	0.68	-0.000816
2	671.671625	1.678e-29	1.749	0.0674	0.076	5193.7607	0.74	-0.000721
2	671.675443	1.948e-29	1.97	0.0625	0.065	5289.0225	0.65	-0.000967
2	671.676432	4.787e-21	1.194	0.0871	0.116	675.2049	0.76	-0.000345
2	671.676839	2.895e-25	2.274	0.063	0.066	3333.7273	0.66	-0.000872
2	671.679521	8.499e-26	2.451	0.0673	0.076	3512.7507	0.74	-0.000725
2	671.693601	3.202e-30	5.642	0.0664	0.071	5808.8276	0.72	-0.000751
2	671.694783	3.432e-29	5.033	0.0658	0.07	5312.166	0.7	-0.000771
2	671.700732	2.371e-27	2.068	0.0672	0.075	4218.5762	0.74	-0.000732
2	671.707322	1.323e-26	1.736	0.0878	0.118	3344.0359	0.77	-0.000398
2	671.707767	4.948e-29	1.314	0.0558	0.061	5087.5073	0.65	-0.001125
2	671.710367	1.227e-29	1.739	0.0672	0.075	5265.876	0.74	-0.000732
2	671.714343	3.37e-28	4.386	0.0651	0.068	4827.7183	0.69	-0.0008
2	671.718694	3.111e-26	3.006	0.0636	0.067	3841.1904	0.66	-0.000848
2	671.730364	1.358e-27	1.83	0.0685	0.088	4236.1812	0.76	-0.000711
2	671.735431	1.677e-28	1.848	0.0712	0.098	4586.6035	0.72	-0.000671
2	671.73656	1.1e-28	2.439	0.069	0.092	4786.1689	0.75	-0.00071
2	671.740782	2.178e-28	4.583	0.0777	0.105	4629.3052	0.69	-0.000519
2	671.749244	8.816e-30	1.729	0.0669	0.074	5341.084	0.73	-0.000738
2	671.753256	3.015e-27	3.71	0.0643	0.067	4355.4067	0.67	-0.000818
2	671.761917	4.881e-29	1.095	0.0678	0.081	4853.7051	0.75	-0.000715
2	671.764503	2.654e-30	5.647	0.0663	0.071	5851.4087	0.71	-0.00076
2	671.771695	2.798e-29	5.036	0.0656	0.069	5357.8086	0.7	-0.000775
2	671.778679	3.187e-30	3.156	0.0723	0.099	5492.8833	0.71	-0.000666
2	671.788227	6.227e-30	1.717	0.0667	0.073	5419.3838	0.72	-0.000745
2	671.792564	7.419e-30	3.148	0.0698	0.095	5371.3442	0.73	-0.000684
2	671.796318	2.704e-28	4.388	0.0649	0.068	4876.4082	0.68	-0.000807
2	671.808571	2.209e-29	1.297	0.0555	0.061	5254.397	0.65	-0.001139
2	671.816357	2.428e-26	3.006	0.0634	0.066	3895.1494	0.66	-0.000857
2	671.819282	2.239e-25	2.28	0.0628	0.066	3389.8823	0.66	-0.000882
2	671.823666	5.6e-30	2.787	0.0647	0.068	5583.9019	0.68	-0.000809
2	671.826566	4.325e-30	1.706	0.0664	0.071	5500.7744	0.72	-0.000751
2	671.836664	2.191e-30	5.653	0.0661	0.071	5894.7749	0.71	-0.00076
2	671.843461	2.381e-27	3.711	0.0641	0.067	4407.1289	0.67	-0.000827
2	671.844188	1.532e-28	1.851	0.0703	0.096	4623.0029	0.73	-0.000678
2	671.847281	7.033e-30	2.799	0.0649	0.068	5534.6167	0.68	-0.000807
2	671.849869	2.272e-29	5.039	0.0654	0.069	5404.2344	0.69	-0.000785
2	671.8517	3.56e-23	1.549	0.0647	0.068	2240.2375	0.68	-0.000809
2	671.864655	2.953e-30	1.693	0.0661	0.071	5585.2539	0.71	-0.00076
2	671.873174	1.716e-25	2.274	0.0626	0.066	3446.8901	0.65	-0.000894
2	671.88031	2.161e-28	4.391	0.0647	0.068	4925.8789	0.68	-0.000809
2	671.894195	3.182e-28	2.11	0.0725	0.1	4462.8569	0.7	-0.000637
2	671.902376	1.983e-30	1.679	0.0658	0.07	5672.8223	0.7	-0.000771
2	671.903181	1.17e-23	0.3328	0.0652	0.069	2142.8418	0.69	-0.002483
2	671.906128	9.702e-30	1.278	0.0552	0.061	5424.3398	0.65	-0.001151
2	671.906961	4.666e-22	1.568	0.0641	0.067	1722.9413	0.67	-0.000827
2	671.907035	1.887e-26	3.006	0.0632	0.066	3949.8933	0.66	-0.000855
2	671.910078	1.801e-30	5.659	0.0659	0.07	5938.9258	0.71	-0.000769
2	671.922046	5.718e-26	1.347	0.0678	0.081	3437.4692	0.75	-0.000719
2	671.928957	4.308e-30	1.677	0.0665	0.072	5498.0513	0.72	-0.000777
2	671.929283	4.471e-29	0.000351	0.0629	0.066	3333.4746	0.65	-0.000806
2	671.929303	1.837e-29	5.042	0.0652	0.069	5451.4424	0.69	-0.000787
2	671.933271	1.873e-27	3.713	0.0639	0.067	4459.6294	0.67	-0.00084
2	671.938822	1.309e-30	1.665	0.0654	0.069	5763.4771	0.69	-0.000785
2	671.950054	5.353e-30	3.04	0.0878	0.118	5066.4399	0.77	-0.000398
2	671.96114	2.976e-30	3.16	0.0712	0.098	5526.3032	0.72	-0.000671
2	671.962202	1.369e-28	1.853	0.0696	0.094	4662.4976	0.74	-0.000695
2	671.967666	1.72e-28	4.394	0.0645	0.068	4976.1299	0.68	-0.000816
2	671.970428	1.713e-27	2.072	0.0669	0.074	4294.1182	0.73	-0.000738
2	671.978985	2.071e-27	0.1958	0.0612	0.065	3867.2622	0.65	-0.002844
2	671.980649	6.196e-26	2.455	0.067	0.074	3586.6533	0.73	-0.00074
2	671.982192	1.133e-27	0.9544	0.0871	0.116	3726.3938	0.76	-0.000616
2	671.984744	1.474e-30	5.663	0.0658	0.07	5983.8608	0.7	-0.000771
2	671.997216	1.452e-30	0.7055	0.0628	0.066	5606.1587	0.66	-0.002698
